Cell Type	X	Y	Layer
3	0.77	178.22	6
3	1.17	2717.67	3
1	1.69	3504.03	2
1	2.43	3532.43	2
1	2.73	3397.27	3
1	2.93	3322.69	3
1	3.44	2068.85	3
1	3.59	2217.86	3
3	3.81	2052.35	3
1	3.91	2706.27	3
1	3.96	394.56	6
1	4.08	1139.99	5
1	5.06	3555.65	2
1	5.08	517.91	6
1	5.12	846.28	5
1	5.15	1238	5
1	5.18	340.44	6
1	5.36	3547.73	2
3	5.37	1439.92	5
1	5.45	1223.79	5
1	6.59	572.07	6
1	6.95	1791.19	4
1	7	1273.8	5
1	7.04	3456	2
1	7.72	637.63	6
3	8	3413.84	2
1	8.29	3205.9	3
1	8.44	1462.96	5
1	8.51	3243.26	3
1	9.14	3507.87	2
3	9.97	795.66	5
1	10.6	3373.04	3
1	10.76	2768.58	3
1	10.84	2738.33	3
3	11.09	388.57	6
1	11.58	620.76	6
1	11.58	678.23	6
3	12.05	125.8	6
1	12.15	1354.69	5
1	12.97	594.85	6
1	13.06	716.08	5
1	13.53	2105.61	3
1	14.2	2301.07	3
1	14.26	3558.46	2
3	14.54	1084.84	5
1	15	3605.8	2
1	15.31	1951.2	3
1	15.34	3131.4	3
1	15.76	1924.2	3
1	15.84	122.17	6
1	15.86	1886.35	3
1	16.28	3046.66	3
1	16.77	879.79	5
1	17.36	1091.79	5
1	17.88	1604.48	4
1	18.03	2904.35	3
3	18.21	459.18	6
1	18.59	3842.18	1
1	18.95	2261.72	3
1	20.16	2966.51	3
1	20.24	318.62	6
3	21.2	601.88	6
1	21.52	841.1	5
1	21.74	1050.27	5
1	21.79	2333.37	3
3	21.89	2001.86	3
1	22.09	3009.78	3
1	22.7	1174.24	5
1	22.8	2204.47	3
3	23.05	2329.52	3
3	23.57	1283.8	5
1	23.88	3336.43	3
1	24.05	3520.82	2
1	24.58	1269.65	5
1	24.96	3426.96	2
1	25.95	272.96	6
1	27.87	1388.86	5
1	28.54	2329.37	3
1	28.82	509.55	6
1	28.91	2295.5	3
1	28.91	3149.08	3
1	30.69	928.88	5
1	31.68	3267.79	3
1	32.03	1680.42	4
3	32.03	3138.8	3
3	32.43	3300.11	3
3	32.6	2890.08	3
1	33.02	62.95	6
1	33.14	1312.72	5
1	33.14	1604.16	4
1	33.17	3210.71	3
1	33.26	3293.75	3
3	33.34	3458.84	2
3	34.9	1213.96	5
1	35.1	3204.06	3
1	35.49	1749.25	4
1	36.07	3500.92	2
1	36.53	515.62	6
1	37.38	3373.41	3
1	38.03	2510.02	3
3	38.76	2603.49	3
1	38.79	3362.69	3
3	39.03	2426.32	3
1	39.75	3585.23	2
1	39.92	3517.56	2
1	39.97	3550.77	2
3	40.36	2750.06	3
1	40.51	608.63	6
3	40.52	3527.48	2
1	40.88	1915.37	3
1	41.79	3247.37	3
1	42.04	1610.45	4
1	42.22	3641.72	2
1	42.47	3430.51	2
1	42.53	3148.41	3
1	42.56	1543.37	4
1	43.5	3395.97	3
3	44.64	2515.5	3
3	44.91	777.32	5
1	45.86	2465.37	3
3	46.24	1789.63	4
3	46.35	3070.62	3
1	46.67	2705.56	3
1	47.5	1806.64	4
1	47.79	3626.93	2
3	48.06	314.7	6
1	48.13	1716.37	4
1	48.47	429.69	6
1	49.43	3299.52	3
1	49.57	3481.47	2
3	49.66	801.51	5
1	49.79	2423.06	3
3	50.11	140.44	6
3	50.23	3819.23	1
1	50.32	3264.01	3
3	50.36	540.56	6
1	50.38	2664.95	3
1	51.39	2555.29	3
1	51.46	1643.29	4
1	51.78	677.12	6
1	52.41	1988.82	3
1	54.11	1494.33	5
1	54.38	836.29	5
1	54.38	1910.79	3
3	54.53	2229.38	3
1	55.4	905.73	5
3	55.52	2184.41	3
1	55.6	2021.81	3
3	56.06	2087.36	3
3	56.09	1082.4	5
3	56.16	2658.81	3
1	56.48	1438.74	5
1	57.1	1607.79	4
1	57.26	3577.91	2
3	57.42	62.21	6
1	57.6	81.79	6
1	57.64	2808.32	3
3	57.94	700.25	5
1	58.96	938.64	5
1	59.04	293.89	6
3	59.38	2377.08	3
1	59.71	256.61	6
1	60.49	2589.95	3
1	61.56	352.05	6
1	61.78	3553.13	2
1	61.98	3430.88	2
1	62.3	3603.95	2
1	62.74	1652.91	4
1	62.77	2493.26	3
1	63.06	2832.36	3
1	63.36	2749.4	3
1	63.66	3823.45	1
3	64.4	2809.28	3
1	64.6	1393.74	5
1	64.77	3247.47	3
3	64.82	1323.66	5
1	64.9	3612.23	2
1	65.61	1883.35	3
1	65.71	1408.61	5
1	65.74	250.41	6
1	66.15	2073.97	3
1	66.18	707.87	5
1	66.2	1894.22	3
1	66.82	1571.1	4
1	67.14	1083.81	5
1	68.26	3493.45	2
1	69.17	1982.97	3
1	69.53	3265.35	3
1	69.57	3005.95	3
1	70.06	2901.69	3
1	70.95	3142.12	3
1	71.42	1685.08	4
1	71.65	3554.69	2
1	71.8	3566.67	2
1	71.82	1970.92	3
1	72.95	2153.56	3
1	73.25	1785.19	4
3	73.25	3451.29	2
1	73.39	3287.76	3
1	73.79	1568.66	4
1	74.04	2869.04	3
1	74.09	3045.84	3
1	74.19	814.11	5
1	75.43	3370.16	3
1	75.49	1638.19	4
1	76.07	173.85	6
1	76.39	680.97	6
1	76.42	1959.97	3
1	77.03	2181.82	3
1	78.04	1054.19	5
1	78.14	1519.47	4
1	78.64	1135.85	5
1	79.01	3177.58	3
1	79.06	1605.94	4
1	79.75	750.4	5
3	80.2	389.26	6
1	80.79	1187.7	5
1	80.94	2240.03	3
1	81.73	1594.84	4
1	82.45	3436.35	2
1	82.47	1724.73	4
1	82.65	3651.85	1
3	82.7	3589.52	2
1	83.37	3572.81	2
3	83.76	1196.95	5
1	83.93	3105.88	3
3	84.04	175.01	6
3	84.36	3773.59	1
3	84.97	2932.83	3
1	85.26	1759.9	4
1	85.33	3485.61	2
1	85.59	1672.21	4
1	86.67	1506.16	4
1	87.2	2369.47	3
3	87.75	3344.34	3
1	87.77	3207.9	3
1	87.83	1059.82	5
3	88.33	117.47	6
1	88.51	3787.06	1
3	88.88	856.04	5
3	89.1	1936.82	3
1	89.1	2213.7	3
1	89.3	1684.86	4
3	89.32	3236.97	3
1	89.45	2333	3
3	90.38	3113.57	3
1	90.96	2722.94	3
1	91.12	3248.41	3
1	91.6	623.79	6
1	91.6	1583.53	4
1	91.7	1158.48	5
3	92.3	3481.84	2
3	92.49	1573.18	4
1	92.53	3293.82	3
3	92.96	968.17	5
3	93.3	3015.12	3
1	93.55	1907.09	3
1	94.08	3624.63	2
3	94.29	2852.03	3
1	94.38	3536.57	2
1	94.51	930.01	5
1	94.91	1816.63	4
1	95.83	980.8	5
1	96.84	1339.63	5
1	96.84	1418.17	5
1	97.42	3639.72	2
1	97.63	2669.98	3
1	97.83	3084.31	3
3	97.88	2133.3	3
1	98.02	1774.17	4
1	98.25	2189.66	3
1	98.28	3587.75	2
1	98.32	898.63	5
3	98.38	2454.13	3
3	98.5	3706.41	1
3	98.72	609	6
1	98.99	1977.28	3
1	99.09	140.84	6
1	99.31	1007.65	5
1	99.31	2079.15	3
1	99.54	3093.11	3
1	100.43	3382.81	3
1	100.8	1566.15	4
1	100.94	87.07	6
3	101.58	1819.66	4
1	101.83	1632.42	4
1	104.65	2500.56	3
3	104.68	903.9	5
1	106.65	1613.93	4
1	106.81	212.51	6
1	106.86	1711.78	4
1	107.21	377.58	6
1	107.26	3573.47	2
1	107.39	1654.31	4
1	108.59	99.86	6
1	109.23	744.78	5
3	109.35	2733.49	3
1	109.6	2630.34	3
1	109.82	1475.02	5
1	110.64	2169.54	3
1	111.26	1035.46	5
3	111.28	2662	3
3	111.41	1045.59	5
1	111.75	1869.59	3
3	114.45	1001.21	5
3	114.62	255.14	6
1	115.01	1294.58	5
1	115.27	3614.38	2
1	115.78	1646.69	4
1	115.88	2662.73	3
1	115.89	2475.51	3
3	116.3	2551.52	3
1	116.42	1807.16	4
1	116.53	3599.14	2
1	116.55	1544.11	4
1	116.8	540.17	6
1	116.97	1264.97	5
1	116.97	2079.08	3
1	117.49	2345.65	3
1	117.76	471.16	6
1	117.88	304.54	6
3	118.06	1883.79	3
1	118.63	2748.66	3
3	119.64	1430.11	5
1	120.65	845.07	5
1	122.01	1226.51	5
1	122.58	1417.43	5
1	122.68	2554.11	3
1	123.08	2708.22	3
1	123.36	3551.21	2
1	123.4	1891.33	3
3	123.97	369.63	6
1	124.51	576.19	6
1	124.54	184.92	6
1	125.25	1651.23	4
3	125.7	3499.02	2
1	126.47	1021.78	5
1	126.51	3174.32	3
3	126.82	3584.59	2
1	127.13	2486.9	3
1	127.26	1978.51	3
1	127.4	1774.47	4
1	128.1	655.38	6
1	128.6	3506.86	2
1	128.66	3291.68	3
1	129.49	3572.54	2
1	129.63	1734.78	4
1	130.32	617.14	6
1	130.6	3340.67	3
1	131.07	3444.51	2
1	131.11	3235.79	3
1	132.22	1613.73	4
1	132.82	703.8	5
1	133.1	420.99	6
1	133.32	2160.96	3
3	133.81	1272.22	5
1	134.41	3414.78	2
1	136.23	2093.16	3
1	136.28	371.85	6
1	136.85	1833.05	4
1	136.97	2962.78	3
1	137.24	1546.84	4
1	137.3	2461.97	3
3	137.96	632.74	6
1	138.43	1587.23	4
3	138.59	3745.84	1
1	138.83	481.89	6
1	138.88	799.53	5
1	138.88	1899.52	3
1	139.8	3364.11	3
1	139.86	1489.96	5
1	139.89	111.33	6
3	140.27	2418.26	3
1	140.76	3555.75	2
3	141.75	187.51	6
1	142.17	3575.57	2
1	142.27	3781.29	1
1	142.61	2885.19	3
3	144.29	313.2	6
3	144.47	476.41	6
1	145.11	1767.29	4
3	145.86	438.6	6
1	145.88	3377.28	3
1	146.4	3344.51	3
3	146.57	2574.15	3
1	146.91	731.54	5
3	147.36	838.2	5
1	147.39	2630.8	3
1	147.41	945.61	5
1	148	1185.78	5
1	148.92	2915.96	3
1	149.52	3534.45	2
1	149.86	1924.67	3
3	150.89	1538.93	4
1	151.14	470.42	6
1	151.64	921.5	5
1	151.81	1719.92	4
1	151.86	1748.06	4
3	152.06	3824.12	1
3	152.33	2685.29	3
1	153	531.81	6
3	153.36	740.78	5
1	153.6	3500.21	2
1	154.44	1891.33	3
3	154.51	90.84	6
1	155.79	2250.78	3
1	157.05	1167.88	5
3	157.2	1940.65	3
3	157.96	1310.19	5
3	158.34	550.97	6
1	158.76	3031.54	3
1	159.06	2735.93	3
1	159.09	3494.88	2
1	159.44	3703.31	1
1	159.57	1564.37	4
1	160.5	3574.83	2
1	160.72	2002.7	3
3	160.82	2817.52	3
1	161.36	3658.7	1
1	161.45	1721.84	4
3	162.74	1038.94	5
3	163.44	3665.21	1
3	163.63	3394.96	3
3	164.72	2943.48	3
1	165.08	1447.58	5
1	165.17	3526.02	2
1	165.24	3503.24	2
1	165.29	3140.92	3
1	165.32	3563.14	2
1	165.39	3572.98	2
1	165.56	1270.81	5
1	165.76	500.08	6
1	166.28	2959.01	3
3	166.65	3484.38	2
1	166.82	669.51	6
3	167.36	3095.45	3
1	167.53	1610.55	4
1	167.81	3062.24	3
3	168.25	1198.8	5
1	168.33	1747.25	4
3	168.63	350.62	6
1	168.73	3357.83	3
1	168.8	1316.7	5
3	168.95	2320.08	3
1	169.99	2006.69	3
1	170.33	1764.85	4
1	170.61	2835.64	3
1	170.74	3583.26	2
1	171.77	3500.8	2
1	171.97	3142.99	3
1	172.13	1646.79	4
1	172.48	1116.1	5
1	172.48	1926.15	3
1	172.68	2430.9	3
1	172.73	519.54	6
1	172.88	2046.85	3
1	173.55	2325.85	3
3	174.22	2040.35	3
3	175.25	2524.4	3
1	175.33	3574.98	2
1	175.73	181.6	6
3	175.95	2408.42	3
3	175.95	3789.13	1
1	176.47	3463.3	2
1	176.56	2129.82	3
1	176.69	1836.01	4
1	176.69	2398.14	3
1	176.76	1027.47	5
1	177.03	1357.74	5
1	177.63	3233.27	3
1	178.17	915.21	5
1	178.39	2466.7	3
1	178.64	1965.65	3
1	179.33	783.34	5
3	179.66	2616.46	3
1	179.92	862.75	5
1	180.45	3483.2	2
1	180.94	1524.21	4
1	181.05	3381.72	3
3	181.29	461.84	6
1	182.15	257.9	6
1	182.15	2692.69	3
1	182.25	2480.83	3
1	183.12	1715.33	4
3	183.61	2744.07	3
1	184.06	2168.87	3
1	184.26	568.2	6
1	184.6	3205.39	3
1	184.85	1846.29	3
1	185.52	2621.78	3
1	186.06	1949.74	3
3	186.39	3342.37	3
3	186.97	2980.09	3
1	187.96	1005.58	5
1	188.06	2146.83	3
1	188.23	2103.89	3
1	188.46	3594.06	2
1	189.15	3436.6	2
3	189.54	2266.16	3
1	189.97	908.04	5
1	190.31	859.37	5
1	191.58	213.25	6
1	192.05	306.59	6
1	192.89	3649.09	1
1	193.28	2085.17	3
1	193.35	798.06	5
1	193.77	3048.93	3
3	193.9	943.69	5
1	194.32	2525.95	3
1	195.8	191.65	6
3	195.83	323.9	6
3	195.93	3249.54	3
1	195.93	3627.34	2
1	196.42	1883.49	3
1	196.69	2558.86	3
1	198	3305.9	3
1	198.37	1916.31	3
1	198.74	1793.77	4
1	199.32	2599	3
1	199.96	255.53	6
1	200.26	3847.59	1
3	200.62	3002.28	3
1	200.94	492.61	6
1	201.34	1761.82	4
1	202.11	3575.94	2
3	202.21	1115.05	5
3	202.6	1790.37	4
3	202.73	369.61	6
3	202.9	72.66	6
1	203.1	3420.1	2
1	203.37	1709.41	4
1	203.45	2287.83	3
1	203.47	594.68	6
1	203.76	963	5
3	204.04	2907.83	3
1	204.24	3621.35	2
1	204.66	2576.22	3
1	205.2	2147.79	3
3	205.27	714.08	5
3	205.49	1413.69	5
3	205.57	1923.41	3
1	205.65	3640.58	2
3	205.94	1.49	6
1	206.34	269.66	6
3	206.91	32.65	6
1	208.39	3272.92	3
1	208.61	1391.13	5
1	209.6	981.54	5
3	210.19	1656.78	4
1	211.04	911.07	5
1	211.48	1113.34	5
1	211.68	3602.35	2
1	211.72	2248.63	3
3	212.12	2690.25	3
1	212.42	2010.17	3
1	212.83	1419.68	5
1	213.01	2718.95	3
1	213.41	2373.07	3
1	214.77	1795.85	4
1	215.53	1026.21	5
1	216.2	395.77	6
1	217.79	585.88	6
3	217.86	2799.17	3
3	218.75	2369.44	3
1	218.99	3025.33	3
1	219.49	342.17	6
1	219.49	1073.7	5
1	219.54	831.93	5
1	219.56	506.59	6
3	220.29	3499.91	2
1	220.31	2865.3	3
1	220.95	2984.08	3
1	221.08	3121.17	3
1	221.37	2760.42	3
3	221.4	3564.48	2
1	221.67	1773.29	4
1	222.01	1263.05	5
3	222.36	1500.34	4
1	222.5	1537.08	4
1	222.58	1819.19	4
1	222.58	1990.64	3
1	222.93	2794.96	3
1	223.08	654.2	6
1	223.29	1393.35	5
1	223.47	2062.69	3
1	223.84	867.36	5
1	224.21	1570.74	4
3	224.31	2451.76	3
3	224.41	2267.35	3
1	225.13	1244.78	5
3	225.32	1555.28	4
1	225.43	3443.18	2
3	226.29	2073.93	3
3	226.56	3117.54	3
1	226.71	1628.65	4
1	226.98	2443.55	3
1	227.01	1604.9	4
1	227.13	1994.09	3
1	227.32	3567.83	2
3	227.95	3186.67	3
1	228.6	3356.59	3
1	228.67	1493.24	5
1	229.8	2335.17	3
1	229.98	3292.81	3
3	230.27	2625.58	3
1	232.08	1508.55	4
1	232.9	3535.93	2
1	233.12	2952.87	3
1	233.61	3114.88	3
1	233.76	3155.68	3
1	233.79	3471.36	2
1	233.89	2369.15	3
3	234.05	1642.77	4
1	234.2	1628.5	4
1	234.43	2638.08	3
1	234.43	3268.7	3
3	235.27	3354.89	3
1	235.82	3430.31	2
1	236.39	3340.32	3
1	236.78	3027.62	3
1	236.98	3530.39	2
1	237.54	0.9	6
1	237.95	3484.16	2
1	238.9	437.11	6
3	239.84	622.39	6
1	239.89	2560.59	3
1	240.22	705.87	5
1	240.58	1610.45	4
1	241.04	3741.17	1
3	241.33	3805.79	1
1	241.68	2382.8	3
1	241.99	2140.62	3
1	242.29	1685.99	4
1	242.34	1237.23	5
1	243	3179.35	3
1	243.21	3535.12	2
1	243.48	1723.79	4
1	243.63	671.65	6
3	243.68	2407.21	3
1	244.12	3318.18	3
3	244.42	3038.72	3
1	244.98	1813.42	4
3	245.03	1405.33	5
1	245.58	1488.95	5
1	246.44	1413.69	5
1	246.49	1095.59	5
1	246.77	1513.88	4
1	246.96	1705.82	4
1	247.31	3410.19	2
1	247.73	1593.07	4
1	247.8	754.64	5
1	248.55	1470.68	5
3	248.89	1743.17	4
1	249.43	1575.62	4
1	249.54	2462.86	3
1	249.74	3625.4	2
1	250.04	3661.2	1
3	250.67	2903.09	3
1	250.97	1318.6	5
1	251.02	1237.97	5
1	251.19	1387.36	5
1	251.35	3117.15	3
1	251.88	1025.77	5
3	252.05	3311.67	3
1	252.18	1769.56	4
3	252.87	1100.55	5
3	253.92	330.04	6
1	253.94	678.95	6
1	254.13	2687.88	3
1	254.48	1796.26	4
3	255.23	3696.48	1
1	255.51	3589.05	2
3	256.06	1260.46	5
3	256.63	3004	3
1	257	776.09	5
1	257.01	3535.71	2
1	258.62	3552.15	2
3	259.82	1860.42	3
1	260.29	1275.55	5
1	261.26	1216.01	5
1	261.6	1512.84	4
1	261.65	1617.85	4
3	262.24	1321.92	5
1	262.45	2347.96	3
1	263.22	3793.51	1
3	263.28	1965.94	3
3	263.32	3622.44	2
1	263.51	1316.82	5
1	263.78	3449.54	2
1	264.1	1714.47	4
1	264.25	2813.08	3
1	265.37	3558.8	2
1	265.43	1682.81	4
1	265.61	1894.88	3
1	266.73	3684.42	1
3	267.86	500.53	6
1	268.25	1957.06	3
1	268.28	1481.78	5
1	268.55	665.22	6
3	269.07	1699.23	4
3	269.27	924.98	5
1	270.21	3017.69	3
1	270.3	1147.91	5
1	270.43	784.96	5
1	271.39	1546.47	4
1	271.42	601.89	6
1	272.61	571.93	6
1	273.1	1049	5
1	273.73	528.34	6
1	275.11	3488.74	2
1	275.33	3363.77	3
1	275.7	1487.18	5
1	276.05	611.59	6
1	276.84	477.67	6
1	277.56	3535.71	2
1	277.92	1788.57	4
1	278.1	3439.78	2
1	278.12	1611.71	4
1	278.27	899.26	5
1	278.65	3581.81	2
1	279.24	427.72	6
1	279.55	1054.66	5
3	280	817.51	5
1	280.05	1924.81	3
3	281.1	3753.16	1
3	281.83	623.65	6
1	281.94	3485.78	2
3	282.35	414.63	6
1	282.6	2073.53	3
1	282.66	3551.7	2
1	282.89	1010.8	5
1	282.94	2590.52	3
1	283.29	941.99	5
3	284.31	3533.34	2
1	284.51	3764.69	1
1	285.59	2033.95	3
1	285.89	3454.28	2
1	286.29	2211.4	3
1	286.44	3613.98	2
1	286.85	2322.96	3
1	287	633.14	6
1	287.05	1852.95	3
1	287.37	2555.71	3
1	287.39	276.86	6
1	288.47	3481.57	2
3	288.82	1036.69	5
1	288.86	2413.79	3
1	290.11	2500.16	3
1	290.7	708.73	5
1	291.11	842.46	5
3	291.3	2659.33	3
1	291.97	3264.41	3
1	292.61	1546.99	4
1	292.93	2013.84	3
1	293.94	3595.27	2
1	294.52	2734.26	3
1	294.64	2683.96	3
1	294.69	1321.75	5
1	295.58	1790.79	4
1	295.9	1979.37	3
1	297.28	1288.24	5
1	297.43	798.5	5
1	299.14	1862.78	3
3	299.53	2030.48	3
1	300.13	1093.27	5
1	301.32	515.69	6
1	301.32	944.5	5
1	301.86	2785.74	3
1	302.35	2016.94	3
1	302.68	3504.74	2
1	302.72	1679.11	4
1	303.02	1722.98	4
3	303.49	2725.83	3
3	303.54	1216.45	5
1	303.54	2702.97	3
1	304.21	909.37	5
3	304.42	3466.55	2
3	305.25	1397.81	5
1	305.32	1054.37	5
1	305.79	2866.41	3
3	307.35	1523.3	4
1	307.62	1741.84	4
1	308.54	1602.02	4
1	308.76	2776.71	3
1	308.84	3166.56	3
3	308.87	3676.14	1
1	309.18	597.6	6
1	309.58	2128.85	3
3	309.72	1623.62	4
3	310.66	3193.33	3
3	310.91	2856.87	3
3	311.15	1294.97	5
1	311.3	1811.8	4
1	311.63	1397.22	5
3	311.81	2231.08	3
3	312.2	2951.27	3
3	312.82	523.23	6
1	313.15	3608.21	2
3	313.19	2467.52	3
1	313.41	3232.24	3
1	313.98	38.32	6
1	314.32	2889.26	3
3	314.42	978.63	5
1	314.82	1100.67	5
3	315.29	105.02	6
1	315.39	2973.83	3
3	315.56	1086.91	5
1	317.07	2742.17	3
1	318.9	3049.89	3
1	319.56	3213.52	3
3	319.64	3095.89	3
1	319.79	1677.93	4
1	320.09	1357.64	5
1	320.44	2084.92	3
1	320.68	574.15	6
3	320.78	2148.38	3
1	321.03	3692.8	1
1	321.92	340.64	6
1	322.95	1482.22	5
1	323.25	768.47	5
1	323.77	1314.8	5
1	323.87	3449.67	2
1	324.14	3338.15	3
3	324.86	871.52	5
1	326.12	3498.23	2
1	326.69	1418.59	5
1	326.81	3386.3	3
1	326.86	1593.34	4
1	328.52	322.82	6
3	328.61	2538.55	3
1	328.94	1940.2	3
1	329.14	3395.6	3
1	329.23	1531.51	4
1	329.87	3301.54	3
3	330.15	1461.44	5
1	332.18	1210.31	5
1	332.3	1808.69	4
1	332.87	3471.75	2
1	333.56	3210.71	3
3	334.13	2809.38	3
1	334.33	1671.5	4
1	334.56	2368.3	3
1	334.92	1373.55	5
3	335.47	143.41	6
3	335.66	1054	5
1	336.28	257.48	6
1	336.46	1858.05	3
1	337.57	2593.11	3
1	337.59	1180.33	5
1	337.8	3610.29	2
1	337.97	171.07	6
1	338.06	3530.11	2
1	338.07	3304.23	3
1	339.03	3253.19	3
3	339.38	2003.19	3
1	339.8	3216.26	3
3	340.04	2683.54	3
1	341.68	189.63	6
1	342.41	1637.37	4
1	342.51	1567.53	4
1	344.05	2698.26	3
3	344.71	1358.61	5
1	345.06	2326.79	3
3	345.13	807.01	5
1	345.31	575.78	6
1	345.45	2204.32	3
1	345.85	3492.98	2
3	346.02	3157.38	3
1	347	3591.5	2
1	348.72	2039.36	3
1	349.05	427.42	6
1	349.06	1304.52	5
1	349.3	3612.8	2
1	349.61	2896.81	3
1	349.66	1016.28	5
1	349.96	315.94	6
3	349.96	3689.62	1
1	350.87	624.04	6
1	350.99	2360.81	3
1	351.18	2758.64	3
1	351.25	1992.99	3
3	351.75	714.5	5
3	351.99	3425.33	2
1	352.04	2279.23	3
3	352.38	1587.35	4
1	352.75	3300.9	3
1	353.09	1157.03	5
1	353.25	2141.73	3
3	353.72	3279.75	3
1	354.04	1894.74	3
1	354.5	3588.47	2
3	355.24	742.38	5
1	355.25	545.82	6
1	355.69	1639.44	4
1	355.8	2829.16	3
3	355.89	2349.72	3
1	356.06	1599.72	4
3	356.49	1864.26	3
3	357	3077.13	3
1	357.25	218.04	6
1	357.91	3613.91	2
1	357.99	1613.41	4
1	358	3434.14	2
1	358.36	2987.22	3
1	358.76	873.82	5
1	359.1	736.69	5
1	359.27	2728.38	3
1	359.47	3558.73	2
3	359.97	2286.11	3
3	360.1	296.02	6
1	360.74	1671.79	4
1	360.89	1276.43	5
3	361.65	3530.33	2
3	361.94	3790.14	1
1	362	1363.71	5
1	362.2	2553.09	3
1	362.42	3352.28	3
3	363.26	3005.04	3
1	363.62	3583.44	2
3	363.68	1504.85	4
1	363.78	3457.29	2
1	363.92	1815.52	4
1	364.25	253.12	6
3	364.81	2884.23	3
3	365.33	1129.59	5
1	365.34	3407.95	2
1	365.53	2388.99	3
1	366.15	1179.29	5
1	366.96	1620.95	4
3	367.04	1809.31	4
1	368.6	911.52	5
1	368.63	3502.01	2
1	368.75	3399.59	3
1	369.59	836.83	5
1	370.13	2604.87	3
3	370.35	1303.18	5
3	370.95	982.77	5
1	371.25	2529.79	3
1	371.87	1118.13	5
1	372.08	3612.06	2
1	372.54	217.3	6
1	373.05	2241.38	3
3	373.12	2199.52	3
1	373.23	142.81	6
1	373.87	2951.27	3
3	375.34	3579.29	2
1	375.65	2209.5	3
1	376.42	3477.3	2
1	376.96	2437.86	3
1	378.02	2151.2	3
1	378.2	121.43	6
3	378.92	3797.09	1
1	379.04	1842.07	3
1	379.93	2480.31	3
1	380.29	1005.77	5
3	381.19	2055.96	3
3	381.63	2590.22	3
1	381.88	1716.17	4
1	383.49	2428.32	3
1	383.8	1656.38	4
1	384.08	1045.94	5
1	385.2	1857.53	3
1	385.5	578.58	6
1	385.57	420.38	6
1	385.64	3100.43	3
1	385.78	1363.07	5
1	386.26	2665.49	3
1	386.31	2599.17	3
3	386.48	3756.19	1
3	387.72	3356.27	3
1	387.89	2132.93	3
1	389.44	3581.81	2
1	389.5	814.3	5
1	389.5	2072.89	3
1	389.52	2029.82	3
1	390.18	668.24	6
3	390.41	1718.98	4
1	391.33	3525.53	2
1	391.63	2850.6	3
1	392.17	772.29	5
1	392.4	3571.6	2
1	393.14	3684.89	1
1	393.77	1585.95	4
3	394.57	2665.94	3
3	394.59	1912.39	3
1	395.88	3646.2	2
1	396.58	2743.4	3
1	397.81	3239.48	3
3	398.08	1969.56	3
3	398.17	1368.4	5
1	398.23	3309.48	3
1	398.34	3613.98	2
1	398.43	1981.45	3
1	398.79	999.85	5
1	399.84	2025.68	3
1	399.86	1923.78	3
1	400.28	3447.67	2
3	400.57	1094.58	5
1	400.62	495.55	6
1	400.79	1013.61	5
3	401.07	3138.74	3
3	401.36	1453.45	5
1	401.6	3600.74	2
3	402.63	430.95	6
1	402.63	3659.52	1
3	403.08	3653.6	1
3	403.33	3509.18	2
1	403.65	2851.34	3
1	404.36	2700.33	3
1	404.73	1785.56	4
1	405	2063.72	3
3	405.35	3289.51	3
3	405.69	1648.47	4
1	405.69	1776.32	4
1	406.26	3196.66	3
1	406.38	1555.69	4
1	408.06	3570.05	2
3	408.34	1589.91	4
1	408.87	3638.07	2
3	409.48	2136.4	3
3	409.77	2911.9	3
1	410.34	766.59	5
3	410.54	692.53	5
3	410.86	282.45	6
3	411.23	2487.41	3
3	411.38	1828.61	4
3	412.08	3705.75	1
1	412.59	3016.95	3
3	413.61	200.28	6
1	414.22	2923.21	3
1	414.23	3458.24	2
1	414.89	2895.92	3
1	415.06	738.39	5
1	415.33	1779.72	4
1	415.46	1399.24	5
1	416.14	555.36	6
1	416.38	2146.83	3
3	417.69	781.9	5
1	418.35	1540.95	4
3	418.58	3209.9	3
1	418.65	282.38	6
1	418.95	1832.31	4
3	419.45	2812.22	3
1	420.36	2432.16	3
3	420.74	552.99	6
1	421.47	419.71	6
1	421.57	3420.52	2
1	422.07	1890	3
3	422.68	2970.13	3
1	423.12	3026.1	3
1	423.74	1489.87	5
1	425.7	1562.69	4
3	425.74	944.36	5
1	425.92	1611.73	4
1	426.72	3375.11	3
1	426.99	2977.08	3
1	427.03	1431.24	5
1	427.06	1680.89	4
1	428.54	1007.25	5
1	429.26	399	6
1	429.39	3610.5	2
3	429.43	3024.39	3
3	429.68	3278.19	3
1	430.35	3606.51	2
1	430.37	1523.72	4
1	430.43	2620.95	3
1	430.56	1262.3	5
1	430.76	862.92	5
1	431.02	2189.46	3
1	431.26	1371.43	5
1	432.64	17.81	6
1	433.47	1974.22	3
1	433.82	3504.74	2
1	434.4	1087.48	5
3	435.42	3827.19	1
1	435.49	465.96	6
1	435.77	3350.26	3
1	435.93	1594.5	4
1	436.01	2036.38	3
1	436.53	1828.83	4
1	436.8	2662.81	3
1	436.9	1346.48	5
3	436.92	872.83	5
3	437.17	1206.68	5
1	437.42	2572.96	3
1	437.52	3235.27	3
1	437.94	1550.86	4
3	437.96	3111.18	3
1	439.22	3245.77	3
3	439.6	2059.45	3
3	439.64	1288.71	5
1	441.18	3559.39	2
1	441.62	2679.23	3
1	441.82	2363.42	3
1	442.27	3461.57	2
1	443.2	457.68	6
3	443.21	2522.74	3
3	443.55	1505.25	4
1	443.8	1350.1	5
3	444.32	1833.05	4
1	445.03	728.7	5
3	445.04	2291.9	3
1	446.27	3175.95	3
3	446.39	1415.95	5
1	446.54	1619.8	4
1	447.09	2063.3	3
1	447.11	1233.9	5
3	447.44	2447.1	3
1	447.84	3485.51	2
1	448.59	1458.28	5
1	448.99	1657.3	4
1	449.64	3578.85	2
1	449.83	3247.96	3
1	450.03	177.94	6
1	451.44	2836.28	3
1	452.1	1317.34	5
1	452.33	507.16	6
1	452.82	1265.63	5
1	453.69	3110.88	3
3	454.09	2923.19	3
1	454.41	1580.22	4
1	454.7	1414.62	5
1	455.06	3612.28	2
1	455.17	2363.79	3
1	455.75	449.37	6
1	455.84	1734.88	4
1	456.47	3363.05	3
1	456.49	1828.68	4
1	456.58	3177.5	3
3	456.91	3371.56	3
1	456.93	1553.89	4
1	457.18	3529.15	2
1	457.75	1524.16	4
3	458.37	3498.6	2
3	458.74	2742.34	3
1	458.98	716.5	5
1	459.53	2242.15	3
1	459.97	1603.23	4
3	460.1	3576.85	2
1	460.29	1075.5	5
3	460.41	516.26	6
3	460.86	2862.09	3
1	460.94	1749.57	4
1	461.94	3639.08	2
1	462.46	1213.64	5
1	463.26	3277.99	3
1	463.48	1085.78	5
3	463.55	2363.2	3
3	464.38	3438.05	2
1	464.62	2926.3	3
1	464.96	1049.85	5
3	465.86	2070.7	3
1	466.15	1684.59	4
1	466.63	3555.77	2
1	467.04	1700.79	4
1	467.1	385.39	6
1	467.31	1662.99	4
3	467.34	3319.64	3
1	468.05	1424.9	5
1	468.06	290.29	6
1	468.06	2033.12	3
1	468.28	1634.51	4
1	468.36	2208.64	3
1	468.52	848.94	5
3	469.46	1955.96	3
1	469.54	1850.21	3
1	469.74	2329.18	3
1	469.91	2817.27	3
3	470.58	1775.53	4
1	470.66	107.97	6
3	470.7	1211.79	5
1	470.86	3584.54	2
1	471.58	3685.16	1
1	471.64	1031.44	5
1	471.84	2008.35	3
1	472.14	2490.22	3
1	472.16	1005.25	5
1	472.21	1551.9	4
1	473.87	1688.36	4
1	473.99	557.48	6
1	474.12	135.34	6
1	475.03	1804.6	4
1	475.11	1854.5	3
1	475.67	403.24	6
3	475.75	3746.3	1
1	475.92	1656.7	4
1	476.39	2117.22	3
1	476.44	2548.85	3
3	477.4	1435.16	5
1	478.14	1627.34	4
1	478.74	2447.99	3
1	478.85	3505.63	2
1	479.19	2252.21	3
1	479.29	3446.26	2
3	479.31	2324.52	3
1	479.41	1824.57	4
1	479.56	161.52	6
1	479.7	1961.8	3
1	480.07	1651.08	4
3	480.12	713.98	5
1	480.24	2401.37	3
3	480.76	3043.11	3
1	481.85	1392.53	5
1	482.47	2353.81	3
3	482.65	2578.49	3
3	482.67	130.16	6
1	483.83	384.82	6
1	484.7	2049.25	3
1	485.07	3279.32	3
1	485.12	2201.61	3
1	485.29	3077.13	3
1	486.36	223.48	6
3	487.04	914.4	5
1	487.07	675.79	6
1	487.4	2587.81	3
1	488.06	1500.81	4
1	488.35	751.24	5
1	488.45	929.86	5
1	488.93	453.69	6
3	489.5	2812.68	3
1	489.67	1699.75	4
3	491.08	3245.85	3
1	491.3	1117.77	5
1	492.41	1090.11	5
3	492.41	3153.41	3
1	492.61	130.97	6
1	492.79	619.28	6
1	493.08	3050.13	3
1	493.42	1632.22	4
1	493.75	1735.11	4
1	493.86	3378.51	3
1	494.37	2630.56	3
1	495.04	2320.89	3
1	495.08	3236.6	3
1	495.09	3424.29	2
1	495.38	2732.14	3
3	495.8	2423.95	3
1	496.27	3162.88	3
3	496.42	1099.73	5
1	496.64	1689.4	4
1	497.16	3483.71	2
1	497.27	3350.48	3
1	497.34	3591.35	2
1	497.49	3578.48	2
1	498.82	1142.31	5
3	498.92	3838.88	1
1	499.07	1535.33	4
3	499.44	2021.58	3
1	499.61	2400.63	3
1	499.72	3601.92	2
1	499.88	569.61	6
1	502.23	2700.75	3
3	503.17	3531.05	2
1	503.41	3660.38	1
1	503.84	1311.56	5
1	504.69	3552.89	2
3	504.71	1971.88	3
1	504.78	2818.01	3
1	504.8	3288.13	3
3	505.67	1621.64	4
1	507.33	3490.22	2
1	507.4	1253.18	5
1	507.75	1555.45	4
3	508.95	3024.62	3
1	509.06	2909.65	3
1	509.52	1943.09	3
1	509.75	815.54	5
3	510.22	2090.67	3
3	510.39	2662.22	3
3	510.82	3650.47	1
1	512	3507.53	2
1	512.57	1371.53	5
1	512.64	3415.3	2
1	514.17	2714.66	3
3	514.4	2164.16	3
1	514.97	2107.53	3
1	516.38	3273.41	3
3	517.02	315.1	6
1	517.02	1854.2	3
3	517.44	1193.57	5
1	517.51	1701.6	4
1	518.11	3585.95	2
1	518.5	1390.31	5
1	518.5	1409.18	5
1	519.71	3521.14	2
1	519.76	1544.73	4
1	519.88	711.96	5
1	520.6	1460.72	5
1	521.15	3723.82	1
1	521.53	3729.07	1
1	521.59	894.28	5
1	521.92	3420.92	2
1	522.23	1645.24	4
1	522.63	1730.74	4
3	522.7	834.96	5
1	523.65	3470.54	2
1	524.05	3578.4	2
1	524.24	3086.65	3
1	524.42	3661.44	1
3	525.18	2737.24	3
1	525.6	164.24	6
3	526.59	1407.25	5
1	526.89	2552.48	3
3	528.3	2564.9	3
1	528.83	1496.97	4
1	529.23	736.29	5
3	529.78	2804.1	3
1	531.06	676.38	6
1	531.16	1734	4
1	531.44	3511.52	2
3	531.53	1002.98	5
1	532.45	562.95	6
3	532.53	2221.36	3
1	532.56	3615.76	2
1	533.41	777.3	5
1	534.7	3286.28	3
1	534.87	448.28	6
1	536.53	1794.98	4
3	536.7	3508.19	2
1	536.73	1128.78	5
3	537.2	1884.53	3
1	537.28	359.48	6
1	538.08	2855.83	3
1	538.71	3486.96	2
1	538.73	3194.59	3
1	538.74	3686.81	1
1	539.45	3342.64	3
1	540.34	2921.58	3
3	540.54	2331.82	3
1	540.83	2440.79	3
1	541.03	1679.19	4
1	541.47	2540.3	3
1	541.6	1244.68	5
1	541.89	1661.66	4
3	541.99	433.64	6
3	542.09	776.78	5
1	542.87	3614.35	2
1	543.13	1839.26	4
1	543.19	2387.49	3
1	543.93	63.37	6
1	544.1	2691.29	3
3	544.42	625.13	6
1	545.01	3308.17	3
3	545.51	583.52	6
1	545.78	1992.39	3
1	546.08	3174.03	3
1	546.36	3583.66	2
1	546.99	907.37	5
1	547.07	2333.67	3
1	547.16	2967.17	3
1	547.38	1444.82	5
1	547.66	1818.06	4
1	547.93	2572.1	3
1	548.01	2385.05	3
3	548.25	1565.21	4
1	548.35	3374.37	3
1	548.54	947.61	5
1	548.6	0.38	6
3	549.01	3130.63	3
1	550.06	3271.19	3
1	550.36	3841.57	1
1	550.42	1205.85	5
1	550.55	1414.65	5
1	551.12	428.31	6
1	551.19	871.21	5
1	552.11	117.37	6
1	552.35	3140.62	3
3	553.12	3238.6	3
1	554.26	1545.61	4
3	554.41	2760.39	3
1	555.39	1343.3	5
1	555.57	2414.12	3
1	555.79	2023.9	3
1	555.99	3071.19	3
3	556.26	940.58	5
1	557.28	1996.68	3
1	558.24	2138.64	3
3	558.34	546.39	6
3	558.93	121.58	6
1	559.4	467.22	6
1	559.7	618.99	6
3	559.77	2093.82	3
1	559.9	3428.46	2
1	560.38	3573.6	2
1	561.11	2217	3
1	561.31	319.91	6
3	561.92	3496.58	2
1	562.05	2437.24	3
1	562.2	3452.65	2
1	562.89	2075.77	3
1	563.35	986.86	5
1	563.41	3284.58	3
1	563.48	1469.9	5
1	564.32	2042.25	3
1	564.37	2888.82	3
1	564.52	3319.71	3
3	565.93	3309.65	3
1	566.5	285.56	6
1	566.87	2730.36	3
3	566.94	1800.24	4
1	566.97	3541.55	2
3	567.15	3670.32	1
1	567.66	1029.69	5
3	568.17	3588.32	2
1	568.55	1981.52	3
1	568.57	938.14	5
3	568.58	1373.38	5
1	569.17	972.54	5
3	569.27	2220.25	3
1	569.37	2565	3
1	569.59	683.56	6
1	569.89	1698.79	4
1	570.14	2317.84	3
1	570.38	1513.39	4
1	570.41	2144.19	3
3	570.43	290.89	6
1	571.52	201.66	6
1	571.86	1098.17	5
1	572.01	1649.75	4
1	572.21	336.35	6
1	572.58	1881.05	3
1	573.06	3348.56	3
1	574.11	1383.21	5
1	574.14	671.62	6
3	574.81	3424.17	2
1	575.43	945.77	5
1	575.5	1955.73	3
1	575.6	1724.31	4
1	576.31	2064.16	3
3	576.51	1075.15	5
3	577.18	1549.9	4
1	577.25	430.11	6
1	577.61	3661.52	1
3	578.29	2590.45	3
3	578.42	1724.38	4
1	578.69	3014.44	3
3	579.03	2826.69	3
1	579.3	1407.77	5
1	579.39	58.49	6
1	580.3	1542.65	4
1	581.46	2546.14	3
1	582.1	2952.82	3
1	582.48	2266.19	3
1	583.34	645.07	6
1	583.59	3497.62	2
1	583.95	1933.17	3
3	584.42	810.33	5
1	584.6	2602.28	3
1	584.62	2984.92	3
3	584.7	1921.41	3
1	584.97	1838.15	4
3	585.86	2644.44	3
1	585.99	64.65	6
1	586.16	1762.81	4
1	586.45	1807.04	4
1	586.85	492.67	6
1	587.62	2165.05	3
1	588.4	1477.37	5
1	588.46	364.83	6
3	588.55	1466.49	5
1	589.49	2831.42	3
1	589.89	554.74	6
1	590.14	3238.23	3
1	590.65	806.41	5
1	590.83	669.41	6
3	591.3	3501.24	2
1	592.61	2695.95	3
1	593.26	3662.33	1
1	593.52	2107.65	3
1	593.55	3191.63	3
1	594.09	1820.13	4
1	594.49	565.02	6
3	594.56	1964.24	3
1	595.09	3832.85	1
1	595.26	2158.91	3
1	596.64	3527.5	2
3	596.92	2684.11	3
1	597.71	3627.12	2
1	598.13	294.31	6
1	598.35	3501.76	2
1	598.6	3229.94	3
1	599.16	248.16	6
1	599.19	1707.89	4
1	599.26	3191.63	3
1	599.44	2765.05	3
1	600.29	3585.95	2
1	600.73	2223.06	3
1	600.76	3542	2
3	601.46	1640.88	4
1	601.7	3608.07	2
3	602.06	3287.54	3
3	602.35	3096.49	3
1	602.7	831.63	5
1	603.09	1495.86	5
3	603.32	2930.98	3
1	603.34	1273.25	5
1	603.36	2812.56	3
1	603.93	1155.47	5
1	604.28	1607.96	4
1	605.35	1720.46	4
1	605.37	1751.12	4
3	605.79	3197.77	3
1	606.04	1118.42	5
1	606.08	1359.54	5
1	606.44	921.73	5
1	606.84	2412.86	3
1	606.88	3269.64	3
1	607.15	1733.41	4
1	607.53	2730.58	3
1	608.31	118.57	6
1	609.33	1550.66	4
3	609.58	3366.7	3
3	610.17	1972.57	3
1	610.46	1178.48	5
1	610.56	1569.65	4
3	611.04	953.01	5
1	611.35	1338.94	5
1	611.41	3432.38	2
3	611.72	1250.54	5
1	611.95	1983.22	3
1	612.69	1496.72	4
1	612.93	1681.41	4
3	613.44	3710.63	1
1	613.5	1356.36	5
1	613.83	1861.3	3
1	614.64	880.97	5
1	614.83	3640.14	2
3	615.24	365.12	6
3	615.8	1329.76	5
1	616.03	86.55	6
3	616.67	1548.29	4
3	616.9	2207.61	3
1	617.06	804.42	5
3	617.14	129.67	6
1	617.16	2838.74	3
3	617.98	200.41	6
1	618.36	2455.88	3
1	618.55	998.08	5
1	618.92	1472.09	5
1	619.07	3208.49	3
3	619.39	2830.68	3
1	619.46	368.82	6
3	620.1	1173.82	5
1	620.11	8.59	6
1	620.26	3329.42	3
1	620.64	3529.65	2
1	620.76	580.56	6
1	620.76	3848.57	1
1	621.28	3626.23	2
1	622.19	70.94	6
1	622.46	2911.08	3
1	622.58	352.33	6
1	622.71	3580.7	2
3	623.58	3635.11	2
1	624.66	206.25	6
3	625.25	1625.81	4
1	625.58	2230.24	3
1	626.41	808.63	5
1	626.66	631.76	6
3	626.91	588.1	6
1	626.94	3601.7	2
1	627.08	2730.26	3
1	627.2	2053.12	3
1	627.39	3595.86	2
3	628.19	2630.41	3
1	628.43	3842.65	1
3	628.5	3581.44	2
1	628.62	3637.03	2
1	629.75	1296.7	5
3	631.04	1076.78	5
1	631.71	366.53	6
3	631.91	72.94	6
3	632.06	3818.54	1
1	632.1	3293.82	3
1	632.2	1223.1	5
1	632.27	1147.04	5
3	632.62	3002.45	3
1	632.7	1914.39	3
1	632.93	3635.99	2
3	632.94	1424.41	5
3	634.37	1719.06	4
1	635.71	3229.48	3
1	636.16	176.22	6
1	636.53	1645.19	4
3	636.77	699.31	5
1	636.94	1193.42	5
3	637.42	2504.79	3
3	638.26	3437.63	2
3	638.33	2400.08	3
1	638.35	1196.15	5
1	639.99	1485.48	5
1	640.19	2031.59	3
3	640.72	3765.93	1
1	642.15	3527.13	2
1	642.2	3626.75	2
1	642.22	3608.21	2
1	642.24	2835.46	3
1	642.53	1112.36	5
1	643.8	3026.54	3
1	643.92	1371.75	5
1	644.14	779.42	5
1	644.32	2564.48	3
1	644.39	210.02	6
1	644.49	2031.67	3
1	644.59	3277.18	3
3	644.94	1876.57	3
1	645.01	1590.16	4
1	646.47	342.71	6
1	646.49	1833.37	4
3	646.87	1582.02	4
1	646.91	2846.48	3
3	647.8	1683.85	4
1	648.03	2280.98	3
1	648.65	1858	3
3	648.75	2726.94	3
3	650.4	839.55	5
1	650.49	746.87	5
1	650.65	293.57	6
1	650.99	1625.37	4
1	651.11	1396.52	5
3	651.14	2265.82	3
1	651.78	1038.91	5
1	652.03	367.27	6
1	652.08	2618.28	3
1	652.43	1872.28	3
1	653.05	3558.14	2
3	653.07	420.79	6
1	653.54	1586.98	4
1	653.62	1540.82	4
1	654.01	1343.37	5
3	654.41	3081.2	3
1	654.41	3092.07	3
1	654.88	465.08	6
1	655.6	1801.61	4
1	655.73	3823.35	1
1	656.08	997.27	5
1	656.58	2072.28	3
1	656.93	2511.82	3
1	657.28	3596.52	2
3	657.57	3.71	6
1	657.6	2343.92	3
1	658.12	2541.93	3
3	658.51	537.44	6
1	658.59	920.91	5
1	658.68	985.21	5
3	659.03	910.12	5
1	659.87	1199.93	5
1	660.42	1782.09	4
3	660.66	473.21	6
1	660.77	3521.36	2
3	661.11	2959.35	3
1	661.33	3160.93	3
3	661.44	3514.78	2
1	661.77	2096.02	3
1	661.97	1639.27	4
1	662	1872.28	3
3	662.42	3217.49	3
1	662.99	2622.05	3
1	663.19	279.6	6
1	663.21	3313.87	3
3	664.22	2051.12	3
1	664.34	1743.91	4
1	664.6	3131.13	3
1	665.21	3279.4	3
1	665.24	3239.02	3
1	665.73	1241.3	5
3	665.88	17.39	6
1	666.28	2522.99	3
1	666.5	2337.19	3
1	666.52	520.99	6
1	667.09	3039.34	3
1	667.21	1280.21	5
1	667.71	3424.25	2
1	667.82	3549.11	2
3	668.16	2648.61	3
3	669.69	1670.83	4
1	669.91	1694.5	4
1	669.94	913.89	5
1	670.7	1510.7	4
1	670.73	1807.46	4
3	670.88	2800.4	3
1	671.2	2655.56	3
1	671.52	9.03	6
1	672.43	1658.06	4
1	672.7	1045.94	5
1	674.11	825.5	5
3	674.35	3501.1	2
1	674.39	287.88	6
1	674.74	159.43	6
1	675	1103.28	5
1	676.98	959.76	5
1	677.7	1802.35	4
1	678.46	700.57	5
1	678.47	2698.83	3
1	678.47	3135.71	3
1	678.54	492.44	6
1	678.8	3606.07	2
1	679.18	3074.69	3
1	679.51	498.8	6
3	680.05	2167.62	3
3	680.45	629.69	6
1	680.58	3776.16	1
1	681.61	3570.19	2
1	681.68	1406.66	5
1	681.74	3631.26	2
1	681.75	1172.63	5
1	682.05	1506.26	4
1	683	157.21	6
1	683.17	346.19	6
1	683.29	3414.48	2
1	683.59	3408.49	2
1	684.62	2446.98	3
1	685.52	3745.59	1
1	685.74	1910.1	3
1	686.63	2967.12	3
1	686.87	795.07	5
1	686.94	1468.24	5
1	686.99	739.03	5
1	687.62	1001.68	5
3	687.77	3378.24	3
1	687.81	1875.97	3
3	687.91	2584.04	3
1	688.38	1732.96	4
1	688.44	3811.51	1
1	688.86	198.48	6
3	689.96	1425.52	5
3	689.97	2953.14	3
3	690.63	2414.65	3
3	690.79	3740.49	1
3	691.42	2305.31	3
1	691.5	1609.39	4
3	691.82	3432.83	2
3	692.15	3591.2	2
1	692.56	2013.62	3
1	692.96	3376.24	3
3	693.28	700.33	5
1	693.89	2087.81	3
1	694.09	2933.38	3
3	694.09	3180.36	3
3	694.23	3789.92	1
1	694.49	1576.25	4
1	694.65	3638.66	2
3	694.87	3664.62	1
1	695.27	3495.03	2
1	695.43	2902.16	3
3	695.8	3095.18	3
1	696.35	3685.48	1
1	696.55	1756.2	4
1	696.91	3233.55	3
3	697.26	785.46	5
1	697.26	796.7	5
1	697.27	3601.55	2
3	697.61	1592.82	4
3	697.83	1954.4	3
3	699.19	1043.54	5
1	699.39	1836.11	4
1	700.1	2339.71	3
1	700.13	3009.43	3
3	700.15	1124.51	5
1	700.66	3635.92	2
1	700.97	1033.78	5
1	701.04	817.11	5
1	701.91	2668.95	3
3	702.06	1888.77	3
1	702.65	1592.97	4
1	703	3212.69	3
1	703.27	2148.98	3
3	704.46	99.17	6
1	705.07	2328.46	3
1	706.29	1951.74	3
1	706.36	910.06	5
1	707.92	3457.09	2
1	708.26	749.07	5
3	708.51	1299.9	5
1	709.01	3370.64	3
1	710.15	3632.96	2
1	710.32	1127.39	5
1	710.34	1629.51	4
1	710.52	2951.37	3
1	710.64	1768.03	4
1	710.66	1898.16	3
1	711.19	240.76	6
1	711.41	207.43	6
1	711.7	2972.08	3
3	712.4	2731.6	3
1	712.46	1487.55	5
1	713.56	3502.11	2
1	715.88	781.98	5
1	716.12	1663.46	4
1	716.18	1098.62	5
3	716.23	2035.29	3
1	716.92	405.41	6
3	716.97	2666.73	3
1	717.02	3066.33	3
1	717.12	1859.33	3
3	717.44	872.46	5
1	719.02	1751.24	4
3	720.3	972.12	5
1	720.41	597.25	6
1	720.58	2256.42	3
1	721.77	649.34	6
1	721.96	2595.35	3
1	722.38	1652.74	4
1	722.41	2733.15	3
1	723.18	3591.89	2
1	723.3	2145.28	3
3	723.39	2245.4	3
1	723.67	842.95	5
