;	Marker Co	ordinate F	ile	
1	-210.74	2445.59	19.4	0.07
1	209.76	2446.57	18.7	0.07
1	217.43	2440.65	18.75	0.07
1	244.73	2421.35	22.7	0.07
1	277.44	2409.51	23.15	0.07
1	269.58	2374.16	24.3	0.07
1	139.36	2439.57	24.5	0.07
1	184.09	2430.85	24.2	0.07
1	-147.78	2391.51	18.5	0.07
1	-268.73	2379.29	22.3	0.07
1	-347.34	2421.45	20.75	0.07
1	-322.49	2385.06	23.35	0.07
1	-392.41	2440.18	22.45	0.07
1	-251.56	2301.31	24.95	0.07
1	-126.49	2362.69	21.25	0.07
1	-169.96	2339.17	28.3	0.07
1	110.53	2327.07	20.9	0.07
1	110.15	2321.82	24.15	0.07
1	274.52	2343.59	27.55	0.07
1	289.66	2233.92	28.15	0.07
1	217.62	2235.03	26.95	0.07
1	285.35	2283.48	26.6	0.07
1	299.15	2230.96	25.9	0.07
1	283.65	2236.66	25.9	0.07
1	270.74	2229.26	24.45	0.07
1	231.2	2224.75	24.25	0.07
1	210.28	2224.23	24.05	0.07
1	221.93	2233.99	21.95	0.07
1	203.83	2238.14	22.7	0.07
1	186.71	2225.12	21.3	0.07
1	113.42	2259.44	21.45	0.07
1	166.61	2259.52	21.5	0.07
1	127.74	2284.81	21.8	0.07
1	182.26	2260.33	25.1	0.07
1	60.58	2283.16	27.4	0.07
1	92.41	2258.38	24.35	0.07
1	50.94	2237.08	24	0.07
1	-17.86	2282.89	21.65	0.07
1	-2.13	2236.07	22.95	0.07
1	-15.12	2244.2	24.3	0.07
1	-89.97	2290.8	24.95	0.07
1	-8.37	2257.52	26.3	0.07
1	-144.27	2282.42	28.6	0.07
1	-160.96	2259.2	28.6	0.07
1	-161.26	2223.4	23.4	0.07
1	-249.64	2256.7	23.5	0.07
1	-218.11	2247.09	24.15	0.07
1	-215.07	2225.34	24.75	0.07
1	-206.76	2219.35	27.45	0.07
1	-205.35	2238.58	27.45	0.07
1	-368.78	2239.72	27.5	0.07
1	-363.21	2224.93	27.4	0.07
1	-328.35	2249.85	21.1	0.07
1	-316.92	2222.63	25.05	0.07
1	-313.58	2237.72	25.05	0.07
1	-413.51	2275.25	27	0.07
1	-396.74	2156.46	27	0.07
1	-396	2203.8	22.8	0.07
1	-412.25	2189.89	22.8	0.07
1	-405.94	2153.65	22.5	0.07
1	-405.64	2145.73	23.7	0.07
1	-371.03	2148.77	21.05	0.07
1	-346.1	2210.23	21.05	0.07
1	-348.7	2201.95	21.05	0.07
1	-294.47	2197.14	21.05	0.07
1	-349.22	2151.13	21.8	0.07
1	-303.74	2171.47	22.9	0.07
1	-312.72	2185.75	22.95	0.07
1	-339.2	2164.67	23.2	0.07
1	-371.25	2183.23	24.35	0.07
1	-353.74	2175.91	24.35	0.07
1	-339.35	2152.69	25	0.07
1	-327.63	2170.81	26.2	0.07
1	-295.73	2212.38	24.2	0.07
1	-287.64	2149.21	26.8	0.07
1	-245.61	2170.98	27.8	0.07
1	-250.5	2172.83	27.8	0.07
1	-268.83	2173.57	27.8	0.07
1	-270.24	2153.75	27.75	0.07
1	-208.89	2173.94	26.2	0.07
1	-245.68	2161.14	25.2	0.07
1	-199.32	2200.35	24.6	0.07
1	-222.54	2192.06	23.45	0.07
1	-240.26	2181.26	23.4	0.07
1	-235.67	2172.98	23.35	0.07
1	-281.51	2170.54	23.3	0.07
1	-155.49	2187.05	20.25	0.07
1	-124.56	2211.98	20.25	0.07
1	-183.68	2165.83	20.25	0.07
1	-97.85	2206.21	20.45	0.07
1	-152.38	2150.15	21.65	0.07
1	-145.63	2156.8	21.65	0.07
1	-132.35	2179.81	22.2	0.07
1	-128.34	2149.7	23.15	0.07
1	-117.06	2193.27	23.65	0.07
1	-56.5	2186.47	27.45	0.07
1	-38.92	2210.06	26.65	0.07
1	-21.56	2179.81	26.65	0.07
1	-9.4	2198.74	25.7	0.07
1	-12.66	2211.98	25.55	0.07
1	-18.6	2169.6	25.45	0.07
1	-47.38	2181.44	25.2	0.07
1	-73.2	2208.29	24.75	0.07
1	-61.7	2210.8	24.6	0.07
1	-2.94	2168.05	21.65	0.07
1	-53.09	2211.91	21.05	0.07
1	-51.53	2156.73	23.45	0.07
1	-64	2189.5	26.75	0.07
1	88.72	2199.92	27.8	0.07
1	86.34	2189.35	27.75	0.07
1	107.11	2183.95	27.75	0.07
1	113.05	2176.4	27.75	0.07
1	93.69	2150.89	27.5	0.07
1	86.49	2176.48	27.4	0.07
1	55.63	2153.77	27.4	0.07
1	59.86	2182.54	26.6	0.07
1	30.18	2157.39	26.4	0.07
1	19.35	2204.51	26.25	0.07
1	44.06	2210.28	25.4	0.07
1	38.64	2176.85	21.7	0.07
1	18.39	2208.5	28.85	0.07
1	149.38	2171.6	27.3	0.07
1	121.56	2213.76	26.45	0.07
1	131.87	2212.35	26.45	0.07
1	189.29	2183.95	23.25	0.07
1	135.36	2181.66	23.05	0.07
1	190.7	2206.07	20.6	0.07
1	256.82	2147.11	22	0.07
1	216.39	2193.86	22.05	0.07
1	231.22	2206.21	22.1	0.07
1	267.8	2204.07	22.15	0.07
1	246.28	2194.52	23.55	0.07
1	242.05	2156.14	23.8	0.07
1	270.61	2168.19	23.85	0.07
1	215.94	2199.7	24.05	0.07
1	286.27	2199.55	27.65	0.07
1	211.71	2178.7	27.65	0.07
1	312.18	2189.89	20.4	0.07
1	302.56	2100.11	27	0.07
1	249.77	2119.36	26	0.07
1	231.15	2125.13	26	0.07
1	284.27	2093.03	25.4	0.07
1	189.76	2140	23.2	0.07
1	209.64	2127.65	20.2	0.07
1	155.97	2139.55	21.3	0.07
1	185.64	2125.5	21.3	0.07
1	112.65	2068.54	21.6	0.07
1	96.33	2088.22	22.15	0.07
1	86.16	2081.71	22.2	0.07
1	101	2105.53	23.3	0.07
1	127.71	2084.96	24.05	0.07
1	187.35	2099.76	24.8	0.07
1	172.59	2095.62	25.25	0.07
1	108.71	2119.14	26.1	0.07
1	120.44	2109.52	26.1	0.07
1	36.84	2083.51	27.05	0.07
1	67.85	2103.63	23.7	0.07
1	46.18	2127.15	21.85	0.07
1	22.82	2102.74	20.3	0.07
1	-108.32	2102.74	19.9	0.07
1	-65.15	2090.98	19.9	0.07
1	-78.13	2069.75	20.05	0.07
1	-34.58	2075.3	21.7	0.07
1	-84.88	2096.23	22.1	0.07
1	-72.94	2128.11	25.9	0.07
1	-42.37	2100.01	26.15	0.07
1	-19.67	2123.53	26.35	0.07
1	-153.99	2133.71	27.3	0.07
1	-167.79	2133.12	27.3	0.07
1	-173.05	2082.16	27	0.07
1	-122.53	2079.57	24.65	0.07
1	-129.06	2083.78	24.65	0.07
1	-135.89	2086.74	24.65	0.07
1	-133.44	2133.71	24.35	0.07
1	-178.1	2133.93	23.05	0.07
1	-177.21	2069.36	19.7	0.07
1	-174.02	2128.39	19.7	0.07
1	-251.91	2092.88	19.95	0.07
1	-257.4	2098.21	21.3	0.07
1	-245.83	2124.02	21.3	0.07
1	-239.23	2098.8	21.55	0.07
1	-230.55	2081.2	21.85	0.07
1	-245.76	2101.24	26.4	0.07
1	-261.48	2132.45	26.65	0.07
1	-282.4	2104.86	27.6	0.07
1	-361.43	2079.47	26.7	0.07
1	-325.67	2083.61	26.5	0.07
1	-374.93	2098.92	26.4	0.07
1	-371.08	2115.56	26.15	0.07
1	-316.62	2134.57	25.15	0.07
1	-401.86	2105.87	22.4	0.07
1	-342.74	2091.45	21.45	0.07
1	-386.95	2118.82	20.5	0.07
1	-409.31	2102.03	24.45	0.07
1	-408.57	2130.43	19.95	0.07
1	-408.27	1995.27	26.3	0.07
1	-403.96	2054	19	0.07
1	-367.5	1993.97	26	0.07
1	-386.04	2024.96	26	0.07
1	-349.02	2028.88	24.55	0.07
1	-328.55	2034.35	20.1	0.07
1	-368.53	2028.51	19.55	0.07
1	-207.9	2018.1	19.95	0.07
1	-276.59	2012.78	22.65	0.07
1	-279.93	2042.51	22.7	0.07
1	-234.53	2061.3	24.9	0.07
1	-221.85	2034.6	25.8	0.07
1	-175.18	2028.31	26.95	0.07
1	-185.57	2041.18	26.95	0.07
1	-147.22	2047.54	26.5	0.07
1	-125.11	2052.28	23.95	0.07
1	-132.9	2037.78	23.9	0.07
1	-163.69	2008.19	23.9	0.07
1	-81.86	1993.6	24.35	0.07
1	-53	2032.14	24	0.07
1	-42.25	1997.59	23.7	0.07
1	-10.72	2045.67	22.1	0.07
1	-47.22	2055.29	22.05	0.07
1	-87.13	2047.67	19.7	0.07
1	-45.66	2005.95	19.05	0.07
1	84.09	2022.29	18.15	0.07
1	3.23	2056.24	18.75	0.07
1	10.57	2018.52	19.6	0.07
1	68.29	2044.26	21.7	0.07
1	31.27	2059.57	22.3	0.07
1	101.64	2013.3	24.2	0.07
1	151.2	2050.65	22.75	0.07
1	110.92	2018.92	20.25	0.07
1	148.9	2026.46	19.2	0.07
1	272.59	2006.49	18.7	0.07
1	296.92	2055.09	20.55	0.07
1	256.71	2022.25	21.9	0.07
1	272.29	2012.48	25.6	0.07
1	200.41	2030.38	25.85	0.07
1	298.01	1968.64	22.6	0.07
1	209.26	1927.42	18.5	0.07
1	281.96	1974.24	22.45	0.07
1	162.06	1946.56	24.8	0.07
1	153.52	1917.71	24.2	0.07
1	128.45	1940.64	23.3	0.07
1	137.35	1972.37	23.25	0.07
1	24.77	1948.26	17.8	0.07
1	45.47	1961.05	17.85	0.07
1	15.72	1973.11	17.9	0.07
1	86.27	1948.48	18	0.07
1	82.86	1976.51	18	0.07
1	-48.58	1950.28	20.85	0.07
1	-84.19	1984.3	19.2	0.07
1	-86.86	1936.15	23.25	0.07
1	-182.4	1954.59	26.4	0.07
1	-135.67	1961.77	21.7	0.07
1	-174.61	1938.32	19.1	0.07
1	-242.27	1955.83	18.05	0.07
1	-280.4	1938.67	18.05	0.07
1	-271.2	1962.11	22.25	0.07
1	-229.95	1979.72	23.7	0.07
1	-265.12	1975.28	23.85	0.07
1	-264.6	1942.51	24.5	0.07
1	-372.21	1960.69	18.8	0.07
1	-373.62	1971.41	18.8	0.07
1	-387.12	1934.43	20.75	0.07
1	-400.4	1971.04	21.05	0.07
1	-335.57	1968.16	22.4	0.07
1	-310.57	1980.81	25.95	0.07
1	-408.07	1920.69	18.05	0.07
1	-379.32	1865.79	21.2	0.07
1	-318.47	1891.82	17.45	0.07
1	-377.74	1891.75	18	0.07
1	-361.57	1897.52	19.85	0.07
1	-369.21	1845.37	20.8	0.07
1	-319.88	1846.41	21.5	0.07
1	-337.61	1885.76	22.05	0.07
1	-282.34	1889.68	23.4	0.07
1	-341.47	1863.35	24.9	0.07
1	-360.68	1862.01	24.8	0.07
1	-202.61	1870.92	21.45	0.07
1	-176.57	1866.7	18.8	0.07
1	-181.02	1890.81	18.8	0.07
1	-213	1903.9	16.75	0.07
1	-166.88	1916.18	16.65	0.07
1	-119.03	1862.41	16.7	0.07
1	-81.13	1899.54	19.95	0.07
1	-72.93	1902.23	23.4	0.07
1	-58.25	1898.9	21.55	0.07
1	-12.77	1907.48	17.4	0.07
1	-71.97	1851.19	17.35	0.07
1	105.38	1871.41	17.55	0.07
1	52.26	1875.99	17.55	0.07
1	74.07	1877.32	17.85	0.07
1	38.83	1845.96	21.85	0.07
1	93.8	1886.13	24.25	0.07
1	195.88	1867.64	24.35	0.07
1	134.01	1906.17	24.15	0.07
1	152.41	1882.58	21.7	0.07
1	139.06	1869.19	21.65	0.07
1	123.7	1884.28	19.95	0.07
1	221.1	1891.82	16.75	0.07
1	252.21	1911.87	16.95	0.07
1	254.21	1877.4	18.5	0.07
1	233.59	1875.18	22.45	0.07
1	254.24	1837.02	24.15	0.07
1	224.71	1827.48	23.85	0.07
1	285.91	1831.55	23.75	0.07
1	292	1810.69	23.75	0.07
1	182.55	1789.63	17.55	0.07
1	179.14	1836.23	17.95	0.07
1	187.6	1827.94	20.3	0.07
1	188.26	1789.63	22.5	0.07
1	127.73	1792.59	23.4	0.07
1	135.08	1772.03	23.4	0.07
1	208.07	1806.49	24.05	0.07
1	28.22	1843.77	23.65	0.07
1	84.08	1834.6	20.8	0.07
1	35.27	1773.95	19.15	0.07
1	45.58	1775.5	18.65	0.07
1	26.52	1833.27	16.35	0.07
1	-71.2	1814.26	16.75	0.07
1	-4.74	1794.66	16.95	0.07
1	-13.19	1837.48	21.15	0.07
1	-77.44	1808.71	22.7	0.07
1	-97.59	1830.24	17	0.07
1	-91.44	1811.52	17.1	0.07
1	-168	1777.35	20.35	0.07
1	-226.4	1803.39	18.8	0.07
1	-279.89	1833.79	18.35	0.07
1	-284.49	1772.32	17.15	0.07
1	-233.37	1831.27	16.7	0.07
1	-375.9	1802.06	16.8	0.07
1	-323.23	1805.9	17.1	0.07
1	-377.83	1808.71	18.95	0.07
1	-331.99	1775.58	20.25	0.07
1	-346.23	1845.47	20.65	0.07
1	-402.49	1841.26	18.25	0.07
1	-402.71	1803.9	18.05	0.07
1	-382.09	1747.08	19	0.07
1	-395.66	1729.4	17.15	0.07
1	-327.07	1703.88	17.1	0.07
1	-340.05	1740.12	19.6	0.07
1	-368.47	1746.41	20.45	0.07
1	-239.03	1740.99	16.1	0.07
1	-177.39	1712.88	17.15	0.07
1	-189.92	1719.17	18.25	0.07
1	-245.71	1738.92	19.45	0.07
1	-177.24	1753.68	22.45	0.07
1	-159.65	1715.15	21.05	0.07
1	-102.16	1764.56	18.8	0.07
1	-25.36	1698.43	23.45	0.07
1	85.27	1760.88	17.65	0.07
1	42.69	1708.88	23.6	0.07
1	141.35	1738.62	23.45	0.07
1	253.6	1729.13	17.35	0.07
1	250.33	1758.93	17.4	0.07
1	267.47	1733.71	23.2	0.07
1	268.18	1672.69	16.6	0.07
1	232.8	1624.54	16.6	0.07
1	256.09	1637.34	16.6	0.07
1	306.02	1664.33	17	0.07
1	243.41	1690.07	18.5	0.07
1	113.24	1684.65	23	0.07
1	144.99	1669.19	19.8	0.07
1	74.29	1675.13	17.65	0.07
1	12.12	1624.1	18.3	0.07
1	82.08	1648.13	22.85	0.07
1	-92.1	1647.89	15.6	0.07
1	-174.22	1625.62	19.35	0.07
1	-217.23	1646.93	23.35	0.07
1	-243.19	1660.24	21.3	0.07
1	-192.01	1623.33	20.1	0.07
1	-252.24	1629.54	18.1	0.07
1	-311.46	1691.11	17.05	0.07
1	-336.91	1643.84	18.85	0.07
1	-313.17	1682.31	22.3	0.07
1	-394.72	1644.66	22.3	0.07
1	-388.91	1607.78	23.05	0.07
1	-390.84	1564.51	21.3	0.07
1	-341.43	1603.95	15.5	0.07
1	-274.03	1560.78	22.1	0.07
1	-177.88	1550.87	19.9	0.07
1	-244.72	1557.01	18.45	0.07
1	-190.05	1582.08	17.25	0.07
1	-95.61	1571.83	15.8	0.07
1	-140.79	1615.69	17.2	0.07
1	-52.64	1585.22	16.1	0.07
1	-37.13	1549.27	17.75	0.07
1	1.59	1614.95	19.85	0.07
1	15.99	1575.08	14.4	0.07
1	171.1	1550.82	23.3	0.07
1	173.62	1582.92	23.3	0.07
1	167.69	1612.44	23.1	0.07
1	136.16	1565.17	21.5	0.07
1	289.13	1607.43	15.6	0.07
1	275.63	1565.12	15.65	0.07
1	299.52	1549.37	17.95	0.07
1	300.7	1570.08	19.95	0.07
1	283.09	1531.38	19.8	0.07
1	284.43	1500.16	18.55	0.07
1	211.46	1509.08	16.6	0.07
1	129.34	1519.58	17.75	0.07
1	153.37	1486.82	23.6	0.07
1	98.06	1507.65	20.9	0.07
1	53.62	1524.3	16.3	0.07
1	3.22	1521.21	15.65	0.07
1	-61.39	1494.81	17.45	0.07
1	3.89	1493.92	19.35	0.07
1	-96.68	1487.26	21.55	0.07
1	-262.08	1513.96	17.15	0.07
1	-268.39	1483.19	20.35	0.07
1	-340.94	1499.69	19.55	0.07
1	-411.14	1505.24	23.15	0.07
1	-392.97	1502.35	18.95	0.07
1	-353.36	1406.32	21.45	0.07
1	-347.94	1430.36	22.9	0.07
1	-336.96	1467.04	22.7	0.07
1	-240.39	1433.64	21.7	0.07
1	-190.69	1463.3	18.3	0.07
1	-146.75	1411.08	15.1	0.07
1	-105.21	1464.41	19.85	0.07
1	-7.35	1449.34	19.75	0.07
1	-55.2	1427.16	18.25	0.07
1	-19.37	1448.6	14.2	0.07
1	93.78	1416.01	14.3	0.07
1	58.91	1415.27	21.1	0.07
1	40.44	1434.28	21.45	0.07
1	127.08	1453.83	21.7	0.07
1	206.16	1436.74	21	0.07
1	178.49	1429.42	19.3	0.07
1	192.36	1410.56	14.9	0.07
1	231.24	1433.46	15.65	0.07
1	235.91	1444.48	22.3	0.07
1	311.41	1331.15	22.3	0.07
1	313.41	1361.99	19.65	0.07
1	216.08	1328.26	18.35	0.07
1	188.44	1363.05	14.75	0.07
1	155.87	1328.36	16.4	0.07
1	196.53	1328.58	21.45	0.07
1	84.38	1330.14	21.6	0.07
1	-14.42	1341.4	14.05	0.07
1	-51.73	1326.38	14.8	0.07
1	-59.82	1356.64	16.7	0.07
1	-109.14	1383.74	19.35	0.07
1	-102.24	1374.71	18.35	0.07
1	-93.93	1340.17	18.15	0.07
1	-116.48	1332.26	17.55	0.07
1	-251.94	1333.93	13.85	0.07
1	-188.07	1392.96	16.75	0.07
1	-189.63	1358.42	18.4	0.07
1	-347.64	1347.4	20.1	0.07
1	-292.37	1346.66	20	0.07
1	-400.24	1366.58	13.6	0.07
1	-400.16	1336.33	16.05	0.07
1	-407.09	1304.27	15.1	0.07
1	-287.92	1306.22	20.25	0.07
1	-360.62	1262.95	18.2	0.07
1	-364.33	1303.56	17.4	0.07
1	-320.04	1320.94	15.6	0.07
1	-313.37	1267.98	15.4	0.07
1	-295.12	1260.73	15.4	0.07
1	-228.85	1290.69	16.8	0.07
1	-197.99	1316.95	20.8	0.07
1	-116.36	1281.96	21.85	0.07
1	-107.46	1300.97	20.4	0.07
1	-156.87	1285.88	17.45	0.07
1	-66.95	1296.26	13.55	0.07
1	-6.64	1298.33	14.3	0.07
1	-24.74	1263.49	14.95	0.07
1	25.8	1260.81	19.75	0.07
1	30.62	1277.23	19.1	0.07
1	103.17	1312.66	18.65	0.07
1	91.23	1298.75	18.65	0.07
1	181.61	1293.95	19.7	0.07
1	133.1	1289.29	21.4	0.07
1	267.47	1296.83	15.7	0.07
1	313.32	1278.63	17.35	0.07
1	260.2	1253.56	17.85	0.07
1	290.91	1266.95	20.7	0.07
1	310.96	1193.35	20.25	0.07
1	241.08	1216.28	19.8	0.07
1	251.99	1220.05	14.9	0.07
1	173.6	1200.28	22.5	0.07
1	19.43	1218.95	16.2	0.07
1	76.4	1185.81	17.25	0.07
1	83.37	1228.56	17.6	0.07
1	-73.43	1191.11	20.8	0.07
1	-24.69	1197.17	17.55	0.07
1	-40.87	1202.87	13.5	0.07
1	-128.06	1188.52	14.7	0.07
1	-176.57	1236.08	20.25	0.07
1	-206.34	1174.22	18.65	0.07
1	-211.68	1197	16.75	0.07
1	-225.48	1219.78	14.65	0.07
1	-263.61	1228.8	13.95	0.07
1	-301.4	1228.34	13.05	0.07
1	-350.51	1187.95	16.85	0.07
1	-413.39	1188.52	14.55	0.07
1	-372.97	1108.02	18.55	0.07
1	-359.61	1153.29	17.9	0.07
1	-288.32	1152.11	15.9	0.07
1	-306.35	1098.56	12.8	0.07
1	-216.68	1123.95	13.55	0.07
1	-214.31	1156.86	18.1	0.07
1	-123.63	1153.71	20.3	0.07
1	-171.11	1158.59	19.6	0.07
1	-120.89	1098.16	14.55	0.07
1	-39.75	1127.79	13.35	0.07
1	-48.8	1151.09	13.75	0.07
1	115.89	1150.48	19.45	0.07
1	65.44	1146.85	18.65	0.07
1	26.42	1170.96	14.55	0.07
1	130.47	1138.3	14.85	0.07
1	170.46	1144.14	15.1	0.07
1	158.37	1163	17.9	0.07
1	136.93	1170.1	18.8	0.07
1	233.32	1162.48	21.05	0.07
1	255.28	1120.99	19.6	0.07
1	245.93	1109.82	17.6	0.07
1	314.55	1095.18	16.95	0.07
1	247.12	1139.93	16	0.07
1	273.62	1044.98	20.25	0.07
1	207.36	1053.88	16.9	0.07
1	151.05	1035.24	15.7	0.07
1	129.83	1038.79	12.45	0.07
1	61.14	1088.22	19.15	0.07
1	67.74	1045.99	17.5	0.07
1	9.36	1030.16	14.95	0.07
1	-27.51	1026.32	13.95	0.07
1	-34.04	1035.86	14.95	0.07
1	-31.07	1078.31	15.65	0.07
1	-184.02	1041.55	18.8	0.07
1	-161.46	1060.86	16.8	0.07
1	-238.32	1028.9	13.9	0.07
1	-273.7	1059.97	16.1	0.07
1	-232.61	1064.7	17.3	0.07
1	-228.75	1078.83	17.3	0.07
1	-283.87	1084.9	19.7	0.07
1	-348.23	1091.26	20.1	0.07
1	-295.11	1073.51	15.4	0.07
1	-365.14	1063.37	14.35	0.07
1	-361.21	1021.06	14.35	0.07
1	-323.8	967.47	12.6	0.07
1	-197.59	971.07	20.2	0.07
1	-177.11	967.15	15.8	0.07
1	-234.31	996.14	15.05	0.07
1	-169.32	980.8	13.5	0.07
1	-122.14	1011.79	13.8	0.07
1	-76.44	966.3	18.85	0.07
1	-148.55	945.96	20.85	0.07
1	-60.01	958.81	16.05	0.07
1	-45.47	986.99	13.25	0.07
1	88.61	998.63	16.1	0.07
1	69.24	999.37	16.35	0.07
1	30.82	961.42	17.15	0.07
1	71.47	951.81	17.75	0.07
1	44.17	961.79	20.55	0.07
1	144.57	1012.12	18.25	0.07
1	137.01	983.05	18.2	0.07
1	195.84	1010.86	17.8	0.07
1	132.19	985.49	16.15	0.07
1	289.1	937.71	13.95	0.07
1	255.5	935.19	15	0.07
1	294.07	926.46	15.8	0.07
1	246.6	941.92	20.55	0.07
1	237.03	878.98	20.9	0.07
1	159.14	915.84	20.1	0.07
1	136.07	931.67	13.1	0.07
1	58.74	927.18	18.65	0.07
1	84.04	918.89	13.4	0.07
1	-58.96	877.23	17.15	0.07
1	-65.94	924.79	14.3	0.07
1	-124.15	920.96	17.4	0.07
1	-181.2	933.17	15.05	0.07
1	-237.45	923.85	13.6	0.07
1	-207.55	885.83	14.9	0.07
1	-382.09	893.5	21	0.07
1	-382.46	927.37	21	0.07
1	-293.51	943.65	19.75	0.07
1	-389.21	931.37	14.9	0.07
1	-321.55	931	13.7	0.07
1	-396.8	899.07	15.8	0.07
1	-392.05	859.72	21.9	0.07
1	-388.2	802.47	21	0.07
1	-407.41	815.86	20.5	0.07
1	-321.9	811.7	17.55	0.07
1	-330.06	838.03	13.25	0.07
1	-255.21	848.78	14.15	0.07
1	-199.28	846.63	14.6	0.07
1	-124.71	809.4	13.05	0.07
1	-35.35	807.5	12.9	0.07
1	-37.95	839.38	13.8	0.07
1	-65.55	802.32	14.4	0.07
1	74.12	799.61	19.6	0.07
1	48.53	840.15	17.6	0.07
1	68.19	850.21	15.1	0.07
1	57.36	806.64	13.35	0.07
1	150.11	815	13.25	0.07
1	171.48	864.19	15.15	0.07
1	214.58	828.24	16.55	0.07
1	189.73	821.06	20.15	0.07
1	309.58	854.42	13.25	0.07
1	292.27	746.98	13.45	0.07
1	312.3	743.28	15.05	0.07
1	159.41	742.19	20.7	0.07
1	176.62	763.05	18.4	0.07
1	184.26	756.91	16	0.07
1	147.24	736.64	12.75	0.07
1	20.02	787.46	16.15	0.07
1	5.38	744.83	20.05	0.07
1	-57.75	739.73	16.2	0.07
1	-32.98	749.2	15.15	0.07
1	-23.11	730.93	14.65	0.07
1	-101.42	726.85	13.65	0.07
1	-169.01	738.62	14.2	0.07
1	-234.44	727.82	20.3	0.07
1	-222.94	744.83	19.55	0.07
1	-277.68	758.96	17.15	0.07
1	-226.94	766.87	16.55	0.07
1	-205.8	745.79	14.05	0.07
1	-300.36	767.54	18.9	0.07
1	-312.75	787.66	17.15	0.07
1	-333.97	779.82	15.85	0.07
1	-338.05	751.56	15.8	0.07
1	-397.47	703.61	17.75	0.07
1	-407.56	666.85	18.85	0.07
1	-294.03	677.08	16.2	0.07
1	-311.69	677.15	16	0.07
1	-344.85	671.97	15.45	0.07
1	-274.77	691.16	18.85	0.07
1	-222.77	701.89	18.45	0.07
1	-217.72	683.17	12.7	0.07
1	-187.53	660.69	17.6	0.07
1	-128.4	671.53	18.9	0.07
1	-90.56	682.92	16.55	0.07
1	-6	661.72	16.55	0.07
1	-21.5	670.89	16.55	0.07
1	36.09	661.3	19.4	0.07
1	65.39	715.22	17.95	0.07
1	73.7	647.25	16.1	0.07
1	103.97	705.53	12.85	0.07
1	151.89	673.77	15.95	0.07
1	165.31	662.16	17.05	0.07
1	182.52	705.65	19.6	0.07
1	245.58	670.28	19.05	0.07
1	216.2	651.12	18.4	0.07
1	250.77	694.02	17.85	0.07
1	282.89	685.81	17.65	0.07
1	229.19	629.59	18.75	0.07
1	233.49	629.67	17.5	0.07
1	281.56	611.62	17.1	0.07
1	200.95	581.22	13.35	0.07
1	146.28	594.68	13.5	0.07
1	134.78	590.39	17.05	0.07
1	157.55	579.52	17.9	0.07
1	144.79	621.9	18.05	0.07
1	153.32	640.25	20.1	0.07
1	60.84	606.35	20.2	0.07
1	25.01	634.38	17.6	0.07
1	57.06	631.12	16.15	0.07
1	-59.75	590.99	13	0.07
1	-11.16	623.68	15.55	0.07
1	-21.48	627.82	16.95	0.07
1	-12.57	579.45	17.5	0.07
1	-62.28	637.36	17.65	0.07
1	-118.07	611.84	17.85	0.07
1	-108.65	614.94	17.55	0.07
1	-125.41	631.95	17.5	0.07
1	-115.1	577.37	16.05	0.07
1	-183.87	592.09	18.75	0.07
1	-250.28	600.7	19.2	0.07
1	-198.58	608.17	17.9	0.07
1	-238.12	644.85	17.2	0.07
1	-241.01	604.69	16.1	0.07
1	-283.74	576.51	15.75	0.07
1	-188.42	588.64	12.85	0.07
1	-358.59	586.82	11.85	0.07
1	-341.83	580.97	12	0.07
1	-355.4	619.81	14.15	0.07
1	-312.01	575.28	17.05	0.07
1	-395.24	522.2	16.9	0.07
1	-395.69	549.2	18.15	0.07
1	-317.45	505.09	12.9	0.07
1	-356.62	508.79	14.45	0.07
1	-334.58	557.97	14.65	0.07
1	-339.18	568.92	16.1	0.07
1	-370.12	513.37	18.05	0.07
1	-232.36	563.65	11.6	0.07
1	-238.52	524.15	12.4	0.07
1	-212.63	514.31	12.75	0.07
1	-261.14	522.67	15.9	0.07
1	-272.12	497.52	16	0.07
1	-224.94	547.74	17.4	0.07
1	-142.75	555.06	18.2	0.07
1	-130.95	522.81	18.15	0.07
1	-82.06	538.2	17.3	0.07
1	-11.14	521.78	12.6	0.07
1	22.47	572.22	18.8	0.07
1	68.7	559.8	19.3	0.07
1	98.52	541.09	16.3	0.07
1	164.5	553.73	12.65	0.07
1	172.95	531.17	13.85	0.07
1	221.7	512.39	15.45	0.07
1	274.74	508.1	13.15	0.07
1	295.29	549.74	14.2	0.07
1	251	470.28	12.9	0.07
1	288.39	434.11	12.9	0.07
1	299.66	496.16	14.25	0.07
1	306.12	457.33	15.6	0.07
1	241.43	470.28	16.3	0.07
1	237.65	456	16.9	0.07
1	235.49	431.37	17.15	0.07
1	276.81	473.97	18.35	0.07
1	173.97	436.15	16.6	0.07
1	202.83	459.3	15.75	0.07
1	161.58	479.05	15.3	0.07
1	132.13	437.26	14.25	0.07
1	106.02	452.2	12.2	0.07
1	45.49	426.68	13.95	0.07
1	58.54	448.21	14.45	0.07
1	64.11	452.5	16.15	0.07
1	25.53	426.83	17.45	0.07
1	7.95	430.31	17.95	0.07
1	-56.96	492.74	16.35	0.07
1	-25.8	455.53	13.1	0.07
1	11.07	488	12.3	0.07
1	-74.54	456.05	11.95	0.07
1	-31.96	440.07	10.6	0.07
1	-145.39	492.88	11.8	0.07
1	-111.86	460.78	13.9	0.07
1	-123.95	450.95	15.4	0.07
1	-234.31	434.01	18.35	0.07
1	-274.15	431.05	18.35	0.07
1	-226.15	444.29	16.25	0.07
1	-256.56	489.33	13.75	0.07
1	-214.58	481.49	13.15	0.07
1	-287.6	489.33	11.9	0.07
1	-299.25	467.59	13.65	0.07
1	-344.8	492.22	14	0.07
1	-345.39	481.35	17.6	0.07
1	-395.14	484.35	17	0.07
1	-404.05	389.19	12.8	0.07
1	-312.98	372.17	12.75	0.07
1	-283.6	372.47	12.75	0.07
1	-294.58	405.16	13.1	0.07
1	-337.75	383.19	13.9	0.07
1	-363.5	404.64	15.1	0.07
1	-375.51	347.25	17.9	0.07
1	-325.74	357.9	18.5	0.07
1	-316.09	414.63	19	0.07
1	-265.89	365.29	18.45	0.07
1	-240.67	362.85	18.45	0.07
1	-259.14	346.06	18.45	0.07
1	-242.67	345.25	18.4	0.07
1	-209.66	359.82	18.35	0.07
1	-212.26	391.77	16.95	0.07
1	-196.23	393.85	15.9	0.07
1	-189.33	371.29	15.65	0.07
1	-115.42	388.79	11.25	0.07
1	-156.52	394.26	13.15	0.07
1	-166.02	411.42	13.4	0.07
1	-188.42	417.19	13.6	0.07
1	-78.7	406.69	14	0.07
1	-99.7	409.8	14.55	0.07
1	-133.08	386.57	15.2	0.07
1	-158.82	367.56	15.85	0.07
1	-6.27	383.56	18.25	0.07
1	-5.31	374.32	18.25	0.07
1	-47.08	413.52	17.1	0.07
1	4.33	377.72	10.45	0.07
1	49.94	347.57	13.6	0.07
1	68.41	422.57	15.75	0.07
1	64.03	402.6	16.65	0.07
1	183.09	418.13	17.9	0.07
1	194.37	349.12	15.7	0.07
1	175.45	405.04	14.15	0.07
1	136.66	416.06	13.35	0.07
1	125.53	392.98	13.3	0.07
1	175.16	360.81	12.2	0.07
1	266.7	400.35	12.05	0.07
1	299.64	366.03	13.6	0.07
1	285.55	354.2	13.95	0.07
1	249.42	380.09	14.25	0.07
1	244.6	399.61	15.6	0.07
1	308.02	349.24	17.4	0.07
1	259.73	405.46	18.25	0.07
1	360.39	309.96	11.1	0.07
1	344.59	307	11.1	0.07
1	335.91	284.88	11.1	0.07
1	352.6	289.98	14.85	0.07
1	361.5	270.9	15.2	0.07
1	258.91	292.5	11.3	0.07
1	277.38	330.96	11.35	0.07
1	253.34	341.91	17.25	0.07
1	196.15	331.41	18.05	0.07
1	201.93	279.41	18.3	0.07
1	106.51	299.6	15.3	0.07
1	111.63	328.74	15.3	0.07
1	158.89	296.79	13.85	0.07
1	194.35	318.46	13.8	0.07
1	188.19	305.89	13.75	0.07
1	120.16	332	12.95	0.07
1	130.03	277.19	12.35	0.07
1	164.6	322.31	12.8	0.07
1	85.64	287.4	18.65	0.07
1	78.67	297.75	18.65	0.07
1	55.15	282.59	17.95	0.07
1	16.06	278.89	15.6	0.07
1	44.84	332.88	15.5	0.07
1	82.75	333.11	14.8	0.07
1	62.87	286.36	14.55	0.07
1	56.04	298.79	11.35	0.07
1	-103.38	339.84	18.9	0.07
1	-107.98	320.98	18.9	0.07
1	-108.28	277.11	18.9	0.07
1	-76.67	269.5	18.9	0.07
1	-50.26	269.79	11.15	0.07
1	-91.21	275.93	11.85	0.07
1	-29.12	314.17	12.55	0.07
1	-168.71	283.99	18.25	0.07
1	-145.57	280.81	17.1	0.07
1	-146.9	312.47	16.15	0.07
1	-164.04	303.82	15.3	0.07
1	-167.52	321.79	11.7	0.07
1	-304.14	309.78	10.4	0.07
1	-227.88	313.33	11.75	0.07
1	-207.63	307.41	12.35	0.07
1	-281.37	332.78	14.15	0.07
1	-259.19	317.92	15.1	0.07
1	-249.55	319.84	16.8	0.07
1	-328.53	322.73	18.55	0.07
1	-362.87	314.37	15	0.07
1	-321.7	282.86	14.4	0.07
1	-378.97	278.42	13.55	0.07
1	-339.58	283.08	11.75	0.07
1	-325.41	270.21	11.35	0.07
1	-393.12	202.48	12.9	0.07
1	-414.11	242.72	18.35	0.07
1	-309.17	230.42	18.9	0.07
1	-295.22	244.69	18.9	0.07
1	-303.61	252.31	18.9	0.07
1	-348.26	250.91	18.85	0.07
1	-331.94	203.94	17.2	0.07
1	-335.51	236.19	17.1	0.07
1	-368.96	208.45	13.8	0.07
1	-304.35	211.93	13.25	0.07
1	-329.27	192.84	12.4	0.07
1	-377.86	202.16	12.35	0.07
1	-353.9	205.79	12.35	0.07
1	-359.54	241.29	11.55	0.07
1	-278.78	211.73	17.15	0.07
1	-243.47	208.55	14.75	0.07
1	-285.75	249.23	12.75	0.07
1	-238.87	244.79	10.8	0.07
1	-149.35	215.85	11.25	0.07
1	-176.8	226.5	11.3	0.07
1	-184.29	226.65	12.2	0.07
1	-183.99	202.9	13.95	0.07
1	-102.46	200.02	14.55	0.07
1	-132.88	209.71	15.45	0.07
1	-170.42	208.45	16.15	0.07
1	-27.2	254.38	18.35	0.07
1	-44.04	218.95	18.35	0.07
1	-53.01	211.41	17.5	0.07
1	-54.94	197.72	17.35	0.07
1	-55.31	237.44	15.95	0.07
1	-68.59	235.37	13.35	0.07
1	35.54	217.8	10.45	0.07
1	37.99	255.3	10.5	0.07
1	64.92	254.7	11.55	0.07
1	48.97	201.23	11.65	0.07
1	14.92	209.73	11.75	0.07
1	24.93	192.5	11.85	0.07
1	82.42	230.22	12.85	0.07
1	67.14	225.34	14	0.07
1	69.07	249.08	14.55	0.07
1	57.28	232.51	14.8	0.07
1	56.31	260.99	15.6	0.07
1	161.01	247.75	19	0.07
1	111.23	243.24	19	0.07
1	193.28	205.96	18.25	0.07
1	130.89	259.66	15.2	0.07
1	225.53	243.19	11.6	0.07
1	299.34	227.51	12.55	0.07
1	280.5	207.39	13.4	0.07
1	250.97	237.27	14.65	0.07
1	305.12	261.46	15.55	0.07
1	261.43	256.06	16.15	0.07
1	239.99	223.37	16.55	0.07
1	311.38	250.74	18.5	0.07
1	242.54	184.98	17.15	0.07
1	198.33	148.66	17.15	0.07
1	291.65	190.97	15.75	0.07
1	283.49	174.25	14.7	0.07
1	234.01	188.16	12.45	0.07
1	242.62	138.82	12.15	0.07
1	96.75	153.45	10.45	0.07
1	143.26	143.61	10.45	0.07
1	169.3	140.65	10.85	0.07
1	199.56	167.65	13.45	0.07
1	108.76	142.73	16.85	0.07
1	14.7	160.69	18.3	0.07
1	26.94	148.86	18.3	0.07
1	61.21	149.9	18.1	0.07
1	19.37	121.72	18.1	0.07
1	45.93	151.89	15.35	0.07
1	88.07	133.33	14.6	0.07
1	43.41	178.22	12.55	0.07
1	7.35	138.95	11.2	0.07
1	46.75	122.16	10.65	0.07
1	-68.49	165.53	10.9	0.07
1	-17.23	183.95	11.1	0.07
1	-84.14	191.34	11.75	0.07
1	-81.77	129.51	12.65	0.07
1	-4.62	153.69	14.9	0.07
1	-186.79	168.74	17	0.07
1	-163.27	191.07	17	0.07
1	-118.39	144.99	15.35	0.07
1	-139.61	144.47	14.15	0.07
1	-188.5	135.08	12.35	0.07
1	-161.57	173.62	10.6	0.07
1	-294.45	142.11	10.7	0.07
1	-251.43	162.37	11.55	0.07
1	-230.06	122.21	12.1	0.07
1	-272.57	185.23	14	0.07
1	-273.76	144.84	17.5	0.07
1	-337.21	166.66	17.8	0.07
1	-319.4	181.53	15.8	0.07
1	-368.44	141.37	15.4	0.07
1	-344.18	169.1	13.65	0.07
1	-310.2	164.15	12.2	0.07
1	-402.56	60.96	17.35	0.07
1	-324.33	104.16	15.4	0.07
1	-356.89	92.33	12.95	0.07
1	-301.18	73.02	11.3	0.07
1	-332.86	117.47	8.9	0.07
1	-245.92	45.58	10.1	0.07
1	-271.14	87.96	12.9	0.07
1	-142.72	79.78	17	0.07
1	-162.45	68.68	16.75	0.07
1	-149.4	110.84	15.05	0.07
1	-164.23	111.88	14.95	0.07
1	-182.33	91.24	14.6	0.07
1	-135.3	85.18	13.45	0.07
1	-165.42	86.95	11.95	0.07
1	-178.92	106.55	10.55	0.07
1	-88.05	80.22	9.65	0.07
1	77.06	98.81	17.55	0.07
1	37.59	56.28	15.2	0.07
1	12.74	87.87	11.85	0.07
1	109.6	58.72	9.95	0.07
1	136.38	42.82	10	0.07
1	192.09	93.86	11.1	0.07
1	152.48	67.9	12.05	0.07
1	117.83	94.97	12.1	0.07
1	177.4	75.37	12.95	0.07
1	159.38	111.39	14.9	0.07
1	271.05	104.26	17.9	0.07
1	207.92	70.09	17.65	0.07
1	259.7	108.7	13.3	0.07
1	275.94	66.24	13.05	0.07
1	228.99	83.48	10.05	0.07
1	201.69	94.72	10.8	0.07
1	301.46	85.55	15.25	0.07
1	-354.52	36.74	11.7	0.07
1	16.03	29.24	13.6	0.07
1	168.3	5.77	16.3	0.07
1	163.11	-18.79	16.3	0.07
1	202.5	-45.64	13.5	0.07
1	195.08	-42.46	13.4	0.07
1	240.11	-5.48	12.7	0.07
1	232.92	-30.25	10.05	0.07
1	270.68	4.66	9.1	0.07
1	139.55	12.65	8.85	0.07
1	101.57	-30.47	9.05	0.07
1	107.5	7.18	13.55	0.07
1	107.5	-11.69	14.05	0.07
1	70.85	-9.47	15.6	0.07
1	-25.22	-38.93	12.45	0.07
1	57.05	22.9	10.65	0.07
1	43.7	12.62	10.6	0.07
1	4.46	-2.76	9.35	0.07
1	20.26	-30.57	8.45	0.07
1	-84.31	16.59	8.25	0.07
1	-99.37	-4.78	8.65	0.07
1	-90.91	-44.36	8.8	0.07
1	-76.08	-28.45	9.2	0.07
1	-49	-38.29	14.45	0.07
1	-187.71	-8.65	13.75	0.07
1	-159.81	-14.64	12.45	0.07
1	-202.39	-10.87	11.2	0.07
1	-198.17	17.68	10.8	0.07
1	-164.56	11.69	8.65	0.07
1	-314.16	16.17	8.75	0.07
1	-233.97	-44.26	15.65	0.07
1	-288.42	15.43	15.95	0.07
1	-346.4	-8.26	16.4	0.07
1	-383.13	-13.14	16.4	0.07
1	-398.85	-47.31	12.35	0.07
1	-345.29	6.61	8.9	0.07
1	-377.86	-89.28	8.9	0.07
1	-295.99	-107.42	15	0.07
1	-242.2	-85.3	12.7	0.07
1	-314.16	-62.37	8.7	0.07
1	-160.03	-83.4	10.75	0.07
1	-147.49	-85.18	13.1	0.07
1	-116.31	-80.25	13	0.07
1	-61.94	-97.48	12.7	0.07
1	-113.72	-113.76	9.35	0.07
1	-87.23	-87.2	7.65	0.07
1	25.9	-55.52	7.85	0.07
1	32.8	-51.9	11.5	0.07
1	41.1	-84.66	11.85	0.07
1	92.84	-90.44	12.65	0.07
1	144.39	-58.7	11.1	0.07
1	218.75	-105.3	15	0.07
1	256.21	-121.79	12.15	0.07
1	200.35	-63.06	10.85	0.07
1	243.01	-58.63	8.35	0.07
1	254.73	-160.7	8.6	0.07
1	192.34	-128.75	10.15	0.07
1	221.2	-178.9	11.9	0.07
1	96.4	-148.82	13.7	0.07
1	139.42	-196.15	12.9	0.07
1	130.6	-157.32	12.2	0.07
1	41.82	-136.37	13.9	0.07
1	19.56	-139.7	11	0.07
1	36.11	-168.1	10.25	0.07
1	51.46	-188.36	8.8	0.07
1	-78.82	-191.69	8.3	0.07
1	-50.11	-125.57	9.6	0.07
1	-149.74	-185.99	15.1	0.07
1	-188.99	-138.95	15.1	0.07
1	-185.87	-157.22	15.1	0.07
1	-150.71	-126.45	8.75	0.07
1	-168.66	-164.77	8.65	0.07
1	-159.98	-164.03	8.65	0.07
1	-294.03	-137.03	7.7	0.07
1	-288.99	-175.49	11.9	0.07
1	-245.44	-131.19	12.6	0.07
1	-405.55	-178.21	14.4	0.07
1	-405.85	-164	14.4	0.07
1	-404	-128.2	10.6	0.07
1	-386.42	-132.35	9.05	0.07
1	-388.3	-227.76	14.65	0.07
1	-332.36	-266.15	14	0.07
1	-406.92	-262.01	8.3	0.07
1	-330.21	-214.3	6.9	0.07
1	-263	-216.22	9.3	0.07
1	-253.95	-234.12	10.6	0.07
1	-319.3	-243.52	12.95	0.07
1	-140.7	-254.09	10.55	0.07
1	-73.41	-221.67	6.8	0.07
1	-44.85	-222.71	6.8	0.07
1	-57.91	-244.97	13.65	0.07
1	87.82	-259.69	6.75	0.07
1	125.73	-273.22	8.2	0.07
1	221.27	-254.96	14.5	0.07
1	225.94	-208.58	13.3	0.07
1	270.75	-229.37	11.85	0.07
1	199.46	-223.52	10.9	0.07
1	192.93	-246.53	9.1	0.07
1	227.35	-205.85	7.15	0.07
1	248.87	-202.07	7.1	0.07
1	305.18	-303.38	15.25	0.07
1	264	-298.72	14.4	0.07
1	299.32	-274.61	9.25	0.07
1	195.04	-283.58	14.35	0.07
1	231.53	-289.64	10.5	0.07
1	160.86	-303.83	9.7	0.07
1	81.41	-311.89	8.75	0.07
1	80.3	-284.23	8.5	0.07
1	52.48	-316.22	6.15	0.07
1	23.4	-314.52	7.6	0.07
1	49.29	-326.5	11.25	0.07
1	-110.87	-308.73	6.55	0.07
1	-96.18	-301.33	7.1	0.07
1	-105.68	-347.63	7.25	0.07
1	-39.13	-283.87	8.25	0.07
1	-199.52	-288.66	12.55	0.07
1	-191.51	-328.3	9.25	0.07
1	-164.51	-306.41	6.85	0.07
1	-332.96	-347.81	6.65	0.07
1	-323.17	-342.18	7.25	0.07
1	-238.52	-285.9	9.6	0.07
1	-393.64	-310.21	12.15	0.07
1	-343.86	-318.19	10.7	0.07
1	-389.26	-351.73	8.25	0.07
1	-284.53	-380.22	14.05	0.07
1	-315.17	-421.2	14.05	0.07
1	-234.24	-374.53	11.5	0.07
1	-223.04	-396.42	11.5	0.07
1	-299.74	-366.54	10	0.07
1	-311.69	-394.35	6.45	0.07
1	-201.4	-420.46	6.9	0.07
1	-195.47	-375.79	7.05	0.07
1	-159.12	-376.23	11.05	0.07
1	-137.9	-353	12.65	0.07
1	-30.71	-396.23	12.7	0.07
1	-61.34	-385.72	12.4	0.07
1	-26.92	-356.06	12.15	0.07
1	-131.45	-347.34	10.5	0.07
1	-128.11	-391.2	7.65	0.07
1	61.16	-396.75	6.55	0.07
1	17.54	-394.75	6.85	0.07
1	53.96	-352.15	7.8	0.07
1	-12.21	-402.15	9.5	0.07
1	-10.21	-388.39	11.5	0.07
1	60.64	-370.56	12.6	0.07
1	156.66	-372.31	12.15	0.07
1	152.35	-415.14	10.8	0.07
1	207.55	-403.92	7	0.07
1	245.08	-404.73	7.65	0.07
1	240.78	-363.09	8.25	0.07
1	247.68	-416.79	9.1	0.07
1	261.7	-356.06	12.95	0.07
1	289.97	-368.22	14.5	0.07
1	276.62	-400.32	8.9	0.07
1	265.98	-442.24	7.05	0.07
1	295.36	-491.94	11.75	0.07
1	195.44	-480.27	12.6	0.07
1	247.59	-481.09	12.1	0.07
1	258.94	-488.11	11.9	0.07
1	164.43	-456.23	10.2	0.07
1	135.99	-494.63	5.9	0.07
1	137.54	-454.39	8	0.07
1	77.45	-472.14	12.25	0.07
1	158.17	-429.46	12.8	0.07
1	157.57	-463.86	13.8	0.07
1	-42.4	-490.48	5.8	0.07
1	-109.68	-457.5	11.2	0.07
1	-106.79	-492.63	11.35	0.07
1	-207.24	-439	13.85	0.07
1	-221.03	-493.96	13.15	0.07
1	-127.71	-460.01	12.75	0.07
1	-199.96	-490.93	8.15	0.07
1	-232.83	-486.79	8.1	0.07
1	-263.59	-456.39	6.55	0.07
1	-259.36	-480.5	9.8	0.07
1	-316.49	-471.99	10.25	0.07
1	-355.6	-496.27	9.1	0.07
1	-352.04	-463.36	9	0.07
1	-380.31	-473.12	8.25	0.07
1	-394.23	-522.21	6.45	0.07
1	-389.48	-560.9	6.6	0.07
1	-405.88	-555.72	7.35	0.07
1	-356.62	-565.71	12.75	0.07
1	-231.08	-539.25	6.35	0.07
1	-312.68	-503.37	8.45	0.07
1	-290.35	-556.93	11.6	0.07
1	-187.16	-534.64	9.35	0.07
1	-220.69	-542.63	7.5	0.07
1	-191.46	-570.07	5.2	0.07
1	-41.41	-565.17	6.15	0.07
1	-52.24	-528.18	7.85	0.07
1	-119.89	-559.54	9.85	0.07
1	-132.73	-502.74	10.7	0.07
1	19.76	-539.08	12.45	0.07
1	57.52	-553.06	8.15	0.07
1	110.59	-507.72	5.5	0.07
1	140.19	-530.79	8.75	0.07
1	203.64	-521.03	5.5	0.07
1	191.7	-570.37	11.65	0.07
1	312.67	-559.05	6.35	0.07
1	275.87	-606.93	13.9	0.07
1	290.04	-584.89	13.85	0.07
1	304.88	-620.02	13.1	0.07
1	286.26	-605.3	9.2	0.07
1	179.65	-595.59	13.05	0.07
1	263.11	-576.5	11.7	0.07
1	215.41	-593.37	10.65	0.07
1	233.14	-622.58	9.7	0.07
1	206.06	-597.58	7.7	0.07
1	122.41	-624.7	6.7	0.07
1	98.75	-586.46	11.85	0.07
1	-0.66	-635.41	13.2	0.07
1	-21.5	-587.7	11.35	0.07
1	-18.83	-629.71	8.05	0.07
1	-113.57	-603.5	5.9	0.07
1	-87.75	-633.53	10.85	0.07
1	-231.67	-618.66	12.5	0.07
1	-217.65	-603.94	10.85	0.07
1	-140.57	-617.04	9.75	0.07
1	-163.2	-647.36	8.05	0.07
1	-154	-625.91	5.9	0.07
1	-336.81	-587.89	11.7	0.07
1	-272.12	-602.47	12.1	0.07
1	-397.94	-685.92	12.45	0.07
1	-331.25	-651.6	5.45	0.07
1	-344.82	-694.13	5.3	0.07
1	-301.77	-657.22	5.85	0.07
1	-264.09	-670.46	8.3	0.07
1	-278.18	-698.2	11.3	0.07
1	-157.06	-723.05	9.7	0.07
1	-170.78	-696.13	6.95	0.07
1	-51.9	-665.31	9.45	0.07
1	-120.3	-693.27	9.9	0.07
1	34.03	-673.3	11.8	0.07
1	4.06	-663.61	9.4	0.07
1	47.98	-685.5	5.7	0.07
1	108.88	-690.04	5.35	0.07
1	118.23	-665.71	6.8	0.07
1	77.35	-650.76	9.45	0.07
1	158.59	-718.44	10.5	0.07
1	275.99	-662.97	12.6	0.07
1	239.49	-655.13	6.4	0.07
1	267.46	-701.43	6.25	0.07
1	297.26	-652.93	12.55	0.07
1	310.77	-752.66	10.95	0.07
1	172.34	-756.93	12.3	0.07
1	215.66	-770.24	9.95	0.07
1	179.83	-732.59	9.9	0.07
1	163.14	-730.38	5.15	0.07
1	148.7	-783.01	4.6	0.07
1	76.07	-726.21	5.45	0.07
1	120.06	-725.62	6.3	0.07
1	81.79	-782.72	8.25	0.07
1	-20.82	-733.76	12.45	0.07
1	-124	-768.86	4	0.07
1	-60.13	-777.96	4.45	0.07
1	-142.45	-736.78	10.8	0.07
1	-167.37	-730.35	8.3	0.07
1	-187.92	-747.8	6.65	0.07
1	-134.95	-790.41	3.8	0.07
1	-334.61	-721.03	4.3	0.07
1	-244.18	-732.49	4.45	0.07
1	-282.9	-746.62	4.45	0.07
1	-319.4	-778.21	5	0.07
1	-280.68	-784.86	9	0.07
1	-399.42	-723.77	12.4	0.07
1	-399.42	-781.24	12.4	0.07
1	-359.22	-724.88	7.75	0.07
1	-403.28	-764.37	6.3	0.07
1	-370.49	-793.37	8.4	0.07
1	309.41	-804.75	7.9	0.07
1	209.76	-821.44	9.05	0.07
1	178.89	-847.26	4.7	0.07
1	183.49	-836.98	4.3	0.07
1	121.45	-839.05	5.85	0.07
1	62.99	-844.52	7.5	0.07
1	88.88	-832.39	11.7	0.07
1	-25.5	-823.42	12.95	0.07
1	5.14	-846.64	5.45	0.07
1	-55.75	-856.18	6.1	0.07
1	-90.32	-827.85	6.9	0.07
1	-138.39	-830.07	8.15	0.07
1	-65.69	-826.22	9.05	0.07
1	-139.58	-800.11	10.05	0.07
1	-101.82	-804.4	11.15	0.07
1	-226.74	-833.8	11.8	0.07
1	-207.53	-807.32	8.65	0.07
1	-137.27	-873.66	8.6	0.07
1	-193.21	-816.12	6.35	0.07
1	-286.49	-825.81	4.95	0.07
1	-294.2	-861.83	6.3	0.07
1	-258	-870.19	7.55	0.07
1	-404.41	-829.93	11.7	0.07
1	-398.03	-807.15	5.65	0.07
1	-405.92	-884.09	5.6	0.07
1	-382.18	-892.45	7.4	0.07
1	-374.47	-886.38	9.25	0.07
1	-238.27	-882.46	12.1	0.07
1	-272.17	-920.11	11.8	0.07
1	-293.24	-930.84	11.75	0.07
1	-259.86	-931.58	11	0.07
1	-245.24	-901.92	10.75	0.07
1	-191.44	-895.41	11.85	0.07
1	-134.16	-924.33	11.65	0.07
1	-210.06	-909.39	11.65	0.07
1	-109.68	-886.31	5.85	0.07
1	41.33	-894.84	12.15	0.07
1	-10.38	-906.45	10.7	0.07
1	32.2	-944.32	9.1	0.07
1	24.49	-936.04	8	0.07
1	77.93	-948.31	8.55	0.07
1	148.4	-934.78	10	0.07
1	175.85	-909.33	13.6	0.07
1	267.54	-909.56	12.35	0.07
1	243.88	-936.92	13.2	0.07
1	255.52	-881.01	6.05	0.07
1	268.51	-903.2	7.45	0.07
1	305.92	-996.59	8.5	0.07
1	166.25	-971.89	6.15	0.07
1	64.67	-998.76	5.9	0.07
1	140.12	-973.69	8.3	0.07
1	72.83	-1017.18	10	0.07
1	123.87	-953.72	11.7	0.07
1	44.75	-952.63	7.3	0.07
1	10.47	-982.29	7.45	0.07
1	-25.43	-981.62	10.55	0.07
1	18.26	-1003	11.15	0.07
1	56.1	-1016.61	11.5	0.07
1	-131.76	-974.28	12.55	0.07
1	-61.95	-974.58	12	0.07
1	-172.1	-964.89	7.75	0.07
1	-194.8	-1006.23	8.95	0.07
1	-277.9	-981.01	11.75	0.07
1	-303.79	-1024.42	7.9	0.07
1	-362.53	-972.31	6.9	0.07
1	-407.04	-1007.44	8.1	0.07
1	-390.76	-1083.38	11.75	0.07
1	-405.82	-1061.56	11.75	0.07
1	-349.44	-1049.95	9	0.07
1	-293.12	-1097.46	4.85	0.07
1	-274.72	-1030.15	6.4	0.07
1	-218.95	-1095.41	11.8	0.07
1	-191.51	-1059.83	9.95	0.07
1	-89.08	-1061.36	10.05	0.07
1	-82.48	-1079.18	7.95	0.07
1	-61.04	-1086.06	7.4	0.07
1	126.28	-1042.52	10.85	0.07
1	150.31	-1082.09	10.7	0.07
1	220.71	-1035.47	5	0.07
1	161.21	-1065.65	6.1	0.07
1	211.58	-1049.67	6.5	0.07
1	208.46	-1033.18	7.05	0.07
1	241.03	-1034.73	8.2	0.07
1	235.47	-1059.29	8.55	0.07
1	177.46	-1037.17	9.15	0.07
1	272.17	-1055.81	10.3	0.07
1	263.39	-1114.12	9.9	0.07
1	300.19	-1161.24	6.55	0.07
1	187.13	-1107.69	10.4	0.07
1	239.65	-1108.43	8.85	0.07
1	188.16	-1153.84	7.35	0.07
1	252.19	-1122.4	6.85	0.07
1	155.5	-1116.44	9.75	0.07
1	57.06	-1111.71	8.05	0.07
1	7.65	-1119.62	10.4	0.07
1	-123.61	-1125.14	12.2	0.07
1	-46.75	-1148.88	10.35	0.07
1	-74.72	-1144.52	4.45	0.07
1	-204.66	-1132.34	4.8	0.07
1	-228.85	-1144.1	6.45	0.07
1	-211.04	-1146.47	8.7	0.07
1	-345.26	-1151.59	8.1	0.07
1	-385.05	-1129.04	5.1	0.07
1	-351.29	-1145.39	5.35	0.07
1	-351.96	-1108.11	6.9	0.07
1	-334.93	-1228.15	9.3	0.07
1	-235.27	-1220.4	8.05	0.07
1	-304.19	-1189.49	10.35	0.07
1	-286.46	-1217.08	11.7	0.07
1	-219.42	-1188.75	13	0.07
1	-215.2	-1210.35	9.3	0.07
1	-38.46	-1184.7	5.7	0.07
1	-53.75	-1183.96	6.2	0.07
1	-69.32	-1212.37	6.45	0.07
1	-73.03	-1230.93	11.8	0.07
1	68.56	-1240.48	10.65	0.07
1	39.03	-1224.06	9.75	0.07
1	114.6	-1237.76	11.55	0.07
1	160.52	-1200.34	10.85	0.07
1	75.36	-1178.52	11.05	0.07
1	225.16	-1225.78	12.9	0.07
1	263.74	-1242.57	12.9	0.07
1	213.66	-1195.75	7.1	0.07
1	233.39	-1191.98	6.2	0.07
1	277.86	-1203.52	6.6	0.07
1	272	-1244.79	12.1	0.07
1	300.41	-1194.57	7.75	0.07
1	197.31	-1283.43	5.15	0.07
1	205.03	-1315.45	5.6	0.07
1	81.61	-1271.03	11.85	0.07
1	59.66	-1294.03	8.65	0.07
1	141.11	-1284.63	6.7	0.07
1	63.12	-1266.66	6.1	0.07
1	-37.77	-1259.19	7.3	0.07
1	-32.8	-1280.57	9.3	0.07
1	-310.06	-1314.93	13	0.07
1	-311.91	-1261.16	7.7	0.07
1	-302.41	-1302.14	5.5	0.07
1	-271.11	-1290.67	7.5	0.07
1	-395.16	-1279.83	8.05	0.07
1	-353.4	-1320.21	10.05	0.07
1	-377.98	-1339.05	13.8	0.07
1	-97.02	-1363.68	13.45	0.07
1	21.64	-1384.19	8.45	0.07
1	132.93	-1338.63	9.65	0.07
1	168.39	-1343.51	8	0.07
1	260.52	-1392.97	5.9	0.07
1	174.99	-1337.35	5.9	0.07
1	209.11	-1393.41	10.55	0.07
1	211.19	-1331.06	11.35	0.07
1	137.6	-1401.62	3	0.07
1	-173.46	-1401.1	25.5	0.07
3	283.23	2387.92	24.75	0.07
3	221.06	2416.54	22.95	0.07
3	24.42	2425.19	21	0.07
3	87.92	2436.88	20.5	0.07
3	-32.08	2395.09	17.2	0.07
3	-49.06	2388.14	24.75	0.07
3	-169.67	2403.79	22.7	0.07
3	-235.05	2387.13	19.65	0.07
3	-258.94	2422.12	21.8	0.07
3	-326.64	2371.59	22.15	0.07
3	-360.77	2417.23	21.8	0.07
3	-312.5	2304.41	29.5	0.07
3	-272.41	2343.84	23.65	0.07
3	-129.9	2351.16	25.3	0.07
3	1.08	2303.75	20.65	0.07
3	-24.52	2354.19	21.5	0.07
3	64.75	2344.3	20.65	0.07
3	202.44	2308.63	24.65	0.07
3	279.79	2338.49	28.3	0.07
3	229.72	2363.93	22.95	0.07
3	212.58	2233.11	22.75	0.07
3	283.87	2262.62	22.35	0.07
3	156.15	2268.32	23.3	0.07
3	99.82	2248.47	20.25	0.07
3	-61.04	2287.62	27.95	0.07
3	-7.92	2251.6	27.15	0.07
3	-147.68	2220.44	22.15	0.07
3	-155.77	2294.48	27	0.07
3	-102.13	2274.14	28.55	0.07
3	-247.56	2263.21	27.1	0.07
3	-328.3	2187.52	25.55	0.07
3	-284.18	2182.59	24.05	0.07
3	-189.6	2162.48	24.05	0.07
3	-35.66	2177.29	21.6	0.07
3	49.1	2174.85	21.5	0.07
3	157.17	2186.32	27.9	0.07
3	217.5	2179.44	28.25	0.07
3	281.15	2189.2	25.95	0.07
3	263.35	2099.1	21.1	0.07
3	250.44	2112.78	23.6	0.07
3	125.7	2106.19	26.9	0.07
3	92.17	2129.05	26.9	0.07
3	180.3	2099.24	22.95	0.07
3	150.92	2094.58	20.15	0.07
3	-7.67	2107.18	20.1	0.07
3	47.37	2096.6	23.9	0.07
3	-49.35	2128.33	21	0.07
3	-190.71	2097.91	19.7	0.07
3	-106.58	2064.55	21.55	0.07
3	-126.69	2131.34	23.85	0.07
3	-285.3	2097.02	27.7	0.07
3	-244.35	2082.38	25.5	0.07
3	-318.7	2079.84	20	0.07
3	-370.48	2125.48	26.35	0.07
3	-403	2011.84	27.15	0.07
3	-377.66	2056.84	19.8	0.07
3	-337.75	2049.29	23.45	0.07
3	-247.37	1992.96	26.25	0.07
3	-59.01	2023.33	20.25	0.07
3	53.38	2036.05	19.7	0.07
3	163.81	2022.17	20.35	0.07
3	280.82	2030.83	23.75	0.07
3	227.26	2035.63	22	0.07
3	313.22	1972.19	17.6	0.07
3	276.77	1976.24	25.8	0.07
3	198.58	1964.7	22.25	0.07
3	45.91	1969.56	19.25	0.07
3	-23.28	1954.27	21.95	0.07
3	-175.73	1952.89	24.75	0.07
3	-224.61	1940.37	19.7	0.07
3	-323.25	1942.34	25.95	0.07
3	-378.57	1898.11	17.8	0.07
3	-215.07	1847.54	16.8	0.07
3	-158.95	1909.67	16.55	0.07
3	-57.28	1877.75	16.95	0.07
3	18.68	1876.19	17.15	0.07
3	-5.65	1887.51	20.8	0.07
3	56.34	1917.64	16.45	0.07
3	191.06	1885.54	19.4	0.07
3	154.93	1907.65	19.75	0.07
3	283.09	1778.36	18.9	0.07
3	251.42	1815.49	21.8	0.07
3	142.12	1836.6	25.3	0.07
3	194.79	1795.77	24.65	0.07
3	80.08	1843.85	18.8	0.07
3	7.58	1807.9	23.95	0.07
3	-183.05	1784.67	24.35	0.07
3	-100.34	1791.33	23.15	0.07
3	-321.68	1834.97	23.45	0.07
3	-378.97	1736.8	21.9	0.07
3	-320.62	1711.57	22.6	0.07
3	-184.44	1715.54	21.3	0.07
3	-9.93	1736.74	23.45	0.07
3	-64.98	1755.38	19.05	0.07
3	81.41	1751.41	18	0.07
3	26.96	1709.18	17.7	0.07
3	138.01	1728.63	21	0.07
3	284.8	1693.18	24	0.07
3	243.41	1679.2	20	0.07
3	191.35	1694.49	24.1	0.07
3	97.95	1622.62	24.15	0.07
3	69.76	1641.11	20.8	0.07
3	18.43	1622.39	18.3	0.07
3	-54	1675.13	24.7	0.07
3	-166.58	1636.72	20.95	0.07
3	-91.36	1693.89	17.55	0.07
3	-243.64	1693.45	17.1	0.07
3	-364.65	1668.62	19.45	0.07
3	-317.7	1613.12	15.5	0.07
3	-210.38	1600.28	15.15	0.07
3	-224.03	1578.09	21.65	0.07
3	-98.8	1549.27	21.8	0.07
3	-154.37	1602	17.6	0.07
3	-47.74	1603.04	23.3	0.07
3	11.68	1568.13	22.3	0.07
3	221.62	1600.45	21.5	0.07
3	278.97	1551.14	23.1	0.07
3	250.11	1557.35	15.85	0.07
3	192.32	1528.98	22.95	0.07
3	43.09	1521.19	17.1	0.07
3	-46.19	1482.23	22.8	0.07
3	-1.23	1509.9	17.65	0.07
3	-160.33	1501.09	16.7	0.07
3	-206.96	1505.83	18.8	0.07
3	-246.28	1541.48	16.85	0.07
3	-326.03	1530.83	16.8	0.07
3	-378.4	1488.08	19.6	0.07
3	-346.6	1407.28	21.75	0.07
3	-316.71	1450.03	14.75	0.07
3	-250.18	1415.52	16.4	0.07
3	-193.14	1397.17	19.5	0.07
3	-76.87	1407.38	17.45	0.07
3	-100.09	1454.87	15.6	0.07
3	8.45	1410.22	15.8	0.07
3	78.5	1410.68	20.4	0.07
3	118.78	1402.1	16.85	0.07
3	49.86	1460.09	15.3	0.07
3	168.03	1424.69	14.85	0.07
3	208.39	1428.68	21.1	0.07
3	259.88	1398.4	22	0.07
3	237.75	1324.94	17.35	0.07
3	301.4	1329.6	19.45	0.07
3	143.41	1358.39	15.75	0.07
3	114.18	1335.24	14.5	0.07
3	47.74	1340.34	14	0.07
3	-107.51	1323.83	20.6	0.07
3	-227.39	1342.07	20.5	0.07
3	-370.64	1348.06	17.85	0.07
3	-301.65	1331.49	19.5	0.07
3	-409.83	1315.67	16.45	0.07
3	-354.84	1256.81	17.8	0.07
3	-299.72	1260	20.9	0.07
3	-198.88	1288.25	22.05	0.07
3	-258.67	1283.29	20.2	0.07
3	-119.7	1257.33	14.15	0.07
3	-16.43	1263.94	16.2	0.07
3	-70.96	1281.54	13.4	0.07
3	99.39	1260.22	16.95	0.07
3	185.92	1282.11	21.35	0.07
3	257.16	1246.61	19.6	0.07
3	305.97	1264.73	18.75	0.07
3	276.91	1182.04	19.3	0.07
3	217.19	1228.41	18	0.07
3	167.29	1188.45	21.9	0.07
3	174.86	1242.44	14.95	0.07
3	71.65	1176.49	19.45	0.07
3	-29.37	1188.22	14.2	0.07
3	-180.73	1223.58	21.25	0.07
3	-231.34	1214.46	13.4	0.07
3	-264.43	1172.15	13.45	0.07
3	-372.24	1201.49	18.7	0.07
3	-366.36	1113.5	14.05	0.07
3	-294.7	1149.52	14.05	0.07
3	-235.75	1122.4	14.05	0.07
3	-82.39	1136.55	16.45	0.07
3	32.21	1120.74	15.2	0.07
3	117.3	1162.9	17.2	0.07
3	226.42	1102.79	14.15	0.07
3	36.44	1045.1	13.25	0.07
3	84.8	1021.95	13.85	0.07
3	0.23	1085.41	17.25	0.07
3	-97.81	1065.52	14.2	0.07
3	-186.69	1049.76	17.6	0.07
3	-312.62	1052.13	13.35	0.07
3	-371.97	1024.32	13.6	0.07
3	-351.62	975.08	15.05	0.07
3	-270.73	1016.26	13.95	0.07
3	-192.25	967.44	13.85	0.07
3	-235.05	1006.42	16.55	0.07
3	-167.32	1005.21	15.2	0.07
3	-55.11	947.72	14.9	0.07
3	52.55	961.2	15.3	0.07
3	279.63	1012.65	13.85	0.07
3	227.33	998.08	20.25	0.07
3	280.42	903.31	18	0.07
3	129.54	929.82	14.35	0.07
3	68.31	922.52	18.55	0.07
3	34.04	889.9	19.65	0.07
3	-51.03	884.11	18.85	0.07
3	-242.05	918.08	18.7	0.07
3	-387.95	927.52	20.45	0.07
3	-356.47	827.38	18	0.07
3	-186.59	865.35	20.95	0.07
3	-221.46	864.16	13.25	0.07
3	-99.19	829.08	13.05	0.07
3	-37.88	797.52	12.9	0.07
3	121.53	819.36	12.45	0.07
3	205.9	805.61	19.3	0.07
3	158.27	818.25	16.45	0.07
3	312.39	843.4	14.55	0.07
3	240.14	863.82	16.8	0.07
3	269.05	765.62	18.5	0.07
3	103.4	762.16	19.05	0.07
3	-1.52	734.4	16.25	0.07
3	-90.22	746.38	20.1	0.07
3	-313.12	731.3	12.1	0.07
3	-355.48	782.41	12.15	0.07
3	-407.19	650.35	18.9	0.07
3	-354.94	685.36	14.75	0.07
3	-184.71	671.93	16.35	0.07
3	-29.81	653.96	17.1	0.07
3	99.22	688.67	12.3	0.07
3	54.86	668.7	12.8	0.07
3	28.6	657.45	18.6	0.07
3	148.77	691.82	17.35	0.07
3	253.22	649.12	17.2	0.07
3	305.23	633.29	14.75	0.07
3	199.17	570.57	18.8	0.07
3	88.44	619.58	13.35	0.07
3	93.71	569.88	16.3	0.07
3	-71.62	601.19	19.55	0.07
3	-111.47	628.48	12.9	0.07
3	-236.78	638.35	13.6	0.07
3	-389.11	599.86	12.15	0.07
3	-321.9	534.82	15.2	0.07
3	-205.43	521.41	17.4	0.07
3	-253.8	538.65	15.35	0.07
3	-147.72	563.94	18.2	0.07
3	-12.92	567.56	17.35	0.07
3	-16.41	510.39	13.7	0.07
3	58.46	553.96	18.9	0.07
3	183.56	562.24	17.35	0.07
3	173.7	519.41	12.35	0.07
3	286.83	552.4	12.75	0.07
3	233.94	474.57	19.4	0.07
3	291.06	486.77	17.6	0.07
3	126.2	482.53	12.15	0.07
3	33.32	431.05	18.05	0.07
3	0.38	426.61	10.25	0.07
3	-54.51	462.26	13.5	0.07
3	-151.18	458.42	16.25	0.07
3	-292.94	481.79	14.05	0.07
3	-364.76	387.63	16.85	0.07
3	-309.42	417.66	14.95	0.07
3	-208.4	388.37	13.5	0.07
3	-43.96	407.31	17.95	0.07
3	59.58	373.53	18.5	0.07
3	155.94	398.24	11.6	0.07
3	352.38	278.67	15.4	0.07
3	223.37	317.06	18.9	0.07
3	236.8	281.85	18	0.07
3	258.69	268.83	12.1	0.07
3	167.42	322.38	13.35	0.07
3	-20.59	316.98	13.9	0.07
3	-141.93	297.23	12.55	0.07
3	-162.11	341.17	17.95	0.07
3	-200.81	254.78	15.55	0.07
3	-101.28	221.62	18.85	0.07
3	-176.95	240.77	14.5	0.07
3	-5.31	246.47	14.45	0.07
3	94.67	219.64	11.75	0.07
3	190.46	238.88	14.1	0.07
3	214.25	223.81	15.85	0.07
3	235.87	180.02	11.6	0.07
3	205.67	146.29	13.7	0.07
3	286.61	190.82	14.8	0.07
3	137.25	163.21	18.2	0.07
3	166.18	147.9	11.15	0.07
3	-2.66	187.91	12.55	0.07
3	-58.62	185.35	16.8	0.07
3	-103.65	121.3	16.75	0.07
3	-185.68	153.28	10.65	0.07
3	-260.11	136.93	14.3	0.07
3	-318.51	171.18	12.2	0.07
3	-188.64	98.34	9.6	0.07
3	-80.85	59.44	16.8	0.07
3	-9.64	51.45	15.2	0.07
3	-47.32	102.85	10.65	0.07
3	32.55	103.25	10.25	0.07
3	177.55	64.49	15.75	0.07
3	-405.63	37.92	9.6	0.07
3	-291.36	28.11	13.25	0.07
3	66.4	33.16	15.45	0.07
3	278.96	23.52	17.9	0.07
3	221.94	22.41	9.1	0.07
3	157.58	-28.62	15.05	0.07
3	115.59	5.25	14.1	0.07
3	-12.83	-33.6	9.6	0.07
3	35.39	13.95	12.45	0.07
3	-66.29	-43.39	15.45	0.07
3	-105.75	-4.19	11.3	0.07
3	-165.97	3.33	8.15	0.07
3	-205.51	11.69	9.25	0.07
3	-346.18	-78.34	14.15	0.07
3	-387.43	-118.2	9.15	0.07
3	-253.04	-91.81	12.3	0.07
3	-148.76	-80.08	14.2	0.07
3	-99.85	-107.03	10.05	0.07
3	-40.65	-98.82	11.3	0.07
3	28.64	-113.29	12.5	0.07
3	204.8	-72.24	9.3	0.07
3	297.51	-102.1	13.3	0.07
3	200.72	-151.46	13	0.07
3	26.17	-195.32	7.5	0.07
3	59.7	-190.21	12.7	0.07
3	-107.46	-185.55	7.75	0.07
3	-154.94	-141.54	7.9	0.07
3	-277.19	-129.78	15.05	0.07
3	-376.1	-188.04	13.55	0.07
3	-327.24	-205.05	8.4	0.07
3	-242.75	-203.2	14.15	0.07
3	-45.67	-272.41	13.15	0.07
3	106.44	-208.43	14.3	0.07
3	209.1	-228.18	7.2	0.07
3	289.15	-277.49	11.85	0.07
3	220.04	-325.22	7.5	0.07
3	165.51	-326.85	9.35	0.07
3	85.42	-302.27	5.55	0.07
3	-10.43	-307.42	5.65	0.07
3	-95.44	-315.09	13.25	0.07
3	-75.34	-348	11.15	0.07
3	-158.13	-301.45	6.25	0.07
3	-208.79	-286.95	11.1	0.07
3	-354.91	-319.6	6.75	0.07
3	-396.46	-317.16	11.6	0.07
3	-412.85	-347.88	12.45	0.07
3	-299.59	-356.41	7.25	0.07
3	-248.26	-363.06	10.05	0.07
3	-296.55	-400.79	13.9	0.07
3	-122.18	-365.31	6.55	0.07
3	-40.05	-419.23	11.15	0.07
3	-96.58	-423.37	11.15	0.07
3	120.53	-399.02	5.65	0.07
3	288.19	-358.46	13.2	0.07
3	309.3	-429.88	7.75	0.07
3	200.04	-448.99	6.4	0.07
3	248.03	-491.88	11.5	0.07
3	76.04	-487.6	13.85	0.07
3	145.26	-461.42	8.45	0.07
3	14.74	-457.64	7.6	0.07
3	-217.1	-458.31	7.25	0.07
3	-141.73	-477.02	12.9	0.07
3	-318.04	-433.83	13.5	0.07
3	-306.32	-498.1	6.75	0.07
3	-322.12	-545.96	13.7	0.07
3	-263.64	-563.8	11.7	0.07
3	-86.14	-530.48	12.9	0.07
3	25.92	-529.17	11.15	0.07
3	111.7	-567.04	13	0.07
3	239.4	-562.45	11.1	0.07
3	306.44	-529.54	5.6	0.07
3	286.26	-616.54	7.2	0.07
3	173.42	-591.67	12.6	0.07
3	131.09	-625.22	6.8	0.07
3	6.69	-620.1	9.5	0.07
3	-131	-584.49	10.65	0.07
3	-65.87	-594.99	7.85	0.07
3	-361.34	-600.49	10.75	0.07
3	-401.03	-606.34	7.9	0.07
3	-366.09	-624.68	6.85	0.07
3	-353.06	-701.75	6.45	0.07
3	-257.64	-661.22	11.8	0.07
3	-205.73	-687.92	7.8	0.07
3	-55.76	-659.62	11	0.07
3	-59.25	-687.5	5.05	0.07
3	-0.46	-709.47	6.05	0.07
3	69.12	-688.02	9.35	0.07
3	225.77	-702.69	8.9	0.07
3	282.28	-701.67	5.4	0.07
3	269.45	-772.31	6.3	0.07
3	133.42	-776.87	11.65	0.07
3	-129.17	-778.35	8.2	0.07
3	-171.16	-779.61	9.75	0.07
3	-312.28	-793	7.25	0.07
3	-273.04	-769.26	4.45	0.07
3	247.51	-864.56	6.25	0.07
3	215.91	-813.9	7.75	0.07
3	147.34	-855.61	12.8	0.07
3	134.51	-818.48	7.25	0.07
3	9.74	-849.01	8.85	0.07
3	-252.66	-851.03	10.65	0.07
3	-389.8	-800.12	5.75	0.07
3	-360.64	-861.44	8.25	0.07
3	-392.79	-942.82	10.6	0.07
3	-266.53	-925.59	8.75	0.07
3	-229.71	-940.16	6.05	0.07
3	-143.14	-901.47	10.1	0.07
3	-98.18	-878.77	13.2	0.07
3	49.41	-885.74	8.35	0.07
3	249.66	-928.79	12.55	0.07
3	242.07	-981.21	8.9	0.07
3	130.99	-968.36	7.4	0.07
3	-8.37	-971.05	11.55	0.07
3	-128.65	-987.37	8.45	0.07
3	-265.14	-963.4	5.75	0.07
3	-330.8	-1012.74	10.25	0.07
3	-399.91	-1013.43	12.05	0.07
3	-362.94	-1087.3	5.9	0.07
3	-266.71	-1088.8	12.45	0.07
3	-242.37	-1051.38	6.2	0.07
3	-287.03	-1032.37	4.4	0.07
3	-208.27	-1032.39	6.9	0.07
3	-157.08	-1071.96	9.35	0.07
3	-215.17	-1078.1	7.45	0.07
3	106.02	-1086.9	4.8	0.07
3	204.24	-1036.88	12.65	0.07
3	159.43	-1111.11	6.9	0.07
3	-0.14	-1119.55	13.4	0.07
3	-50.9	-1105.98	10.9	0.07
3	-296.38	-1146.86	5.85	0.07
3	-410.23	-1223.78	9.7	0.07
3	-269.25	-1214.49	13	0.07
3	-326.96	-1226.99	12.1	0.07
3	2.61	-1201.72	6.1	0.07
3	206.98	-1201.59	6.5	0.07
3	293.46	-1302.83	10	0.07
3	206.14	-1272.33	6.8	0.07
3	147.93	-1280.42	6.35	0.07
3	71.67	-1271.84	10.2	0.07
3	-75.53	-1258.59	8.35	0.07
3	-95.71	-1296.98	11.3	0.07
3	-256.49	-1311.16	10.35	0.07
3	-322.67	-1284.53	13.05	0.07
3	-398.95	-1276.2	13.65	0.07
3	-360.89	-1261.56	10.3	0.07
3	-353.58	-1339.79	16.4	0.07
3	-204.09	-1369.35	16.9	0.07
3	-208.1	-1329.34	9.35	0.07
3	220.91	-1329.06	13.3	0.07
3	246.57	-1398.29	13.3	0.07
3	254.88	-1384.61	10.5	0.07
3	-205.06	-1400.51	25.5	0.07
